0.000000 0.000000
0.010000 0.000000
0.020000 0.000000
0.030000 0.000000
0.040000 0.000000
0.050000 0.000000
0.060000 0.000000
0.070000 0.000000
0.080000 0.000000
0.090000 0.000000
0.100000 0.000000
0.110000 0.000000
0.120000 0.000000
0.130000 0.000000
0.140000 0.000000
0.150000 0.000000
0.160000 0.000000
0.170000 0.000000
0.180000 0.000000
0.190000 0.000000
0.200000 0.000000
0.210000 0.000000
0.220000 0.000000
0.230000 0.000000
0.240000 0.000000
0.250000 0.000000
0.260000 0.000000
0.270000 0.000000
0.280000 0.000000
0.290000 0.000000
0.300000 0.000000
0.310000 0.000000
0.320000 0.000000
0.330000 0.000000
0.340000 0.000000
0.350000 0.000000
0.360000 0.000000
0.370000 0.000000
0.380000 0.000000
0.390000 0.000000
0.400000 0.000000
0.410000 0.000000
0.420000 0.000000
0.430000 0.000000
0.440000 0.000000
0.450000 0.000000
0.460000 0.000000
0.470000 0.000000
0.480000 0.000000
0.490000 0.000000
0.500000 0.000000
0.510000 0.000000
0.520000 0.000000
0.530000 0.000000
0.540000 0.000000
0.550000 0.000000
0.560000 0.000000
0.570000 0.000000
0.580000 0.000000
0.590000 0.000000
0.600000 0.000000
0.610000 0.000000
0.620000 0.000000
0.630000 0.000000
0.640000 0.000000
0.650000 0.000000
0.660000 0.000000
0.670000 0.000000
0.680000 0.000000
0.690000 0.000000
0.700000 0.000000
0.710000 0.000000
0.720000 0.000000
0.730000 0.000000
0.740000 0.000000
0.750000 0.000000
0.760000 0.000000
0.770000 0.000000
0.780000 0.000000
0.790000 0.000000
0.800000 0.000000
0.810000 0.000000
0.820000 0.000000
0.830000 0.000000
0.840000 0.000000
0.850000 0.000000
0.860000 0.000000
0.870000 0.000000
0.880000 0.000000
0.890000 0.000000
0.900000 0.000000
0.910000 0.000000
0.920000 0.000000
0.930000 0.000000
0.940000 0.000000
0.950000 0.000000
0.960000 0.000000
0.970000 0.000000
0.980000 0.000000
0.990000 0.000000
1.000000 0.000000
1.010000 0.000000
1.020000 0.000000
1.030000 0.000000
1.040000 0.000000
1.050000 0.000000
1.060000 0.000000
1.070000 0.000000
1.080000 0.000000
1.090000 0.000000
1.100000 0.000000
1.110000 0.000000
1.120000 0.000000
1.130000 0.000000
1.140000 0.000000
1.150000 0.000000
1.160000 0.000000
1.170000 0.000000
1.180000 0.000000
1.190000 0.000000
1.200000 0.000000
1.210000 0.000000
1.220000 0.000000
1.230000 0.000000
1.240000 0.000000
1.250000 0.000000
1.260000 0.000000
1.270000 0.000000
1.280000 0.000000
1.290000 0.000000
1.300000 0.000000
1.310000 0.000000
1.320000 0.000000
1.330000 0.000000
1.340000 0.000000
1.350000 0.000000
1.360000 0.000000
1.370000 0.000000
1.380000 0.000000
1.390000 0.000001
1.400000 0.000001
1.410000 0.000001
1.420000 0.000001
1.430000 0.000002
1.440000 0.000002
1.450000 0.000003
1.460000 0.000004
1.470000 0.000005
1.480000 0.000006
1.490000 0.000008
1.500000 0.000011
1.510000 0.000014
1.520000 0.000017
1.530000 0.000022
1.540000 0.000028
1.550000 0.000035
1.560000 0.000044
1.570000 0.000056
1.580000 0.000069
1.590000 0.000087
1.600000 0.000108
1.610000 0.000133
1.620000 0.000164
1.630000 0.000202
1.640000 0.000249
1.650000 0.000304
1.660000 0.000371
1.670000 0.000452
1.680000 0.000548
1.690000 0.000663
1.700000 0.000801
1.710000 0.000963
1.720000 0.001156
1.730000 0.001384
1.740000 0.001652
1.750000 0.001966
1.760000 0.002334
1.770000 0.002763
1.780000 0.003263
1.790000 0.003843
1.800000 0.004514
1.810000 0.005288
1.820000 0.006180
1.830000 0.007203
1.840000 0.008374
1.850000 0.009710
1.860000 0.011232
1.870000 0.012959
1.880000 0.014915
1.890000 0.017122
1.900000 0.019608
1.910000 0.022400
1.920000 0.025526
1.930000 0.029018
1.940000 0.032907
1.950000 0.037228
1.960000 0.042014
1.970000 0.047302
1.980000 0.053129
1.990000 0.059532
2.000000 0.066549
2.010000 0.074218
2.020000 0.082576
2.030000 0.091662
2.040000 0.101510
2.050000 0.112155
2.060000 0.123631
2.070000 0.135968
2.080000 0.149193
2.090000 0.163330
2.100000 0.178399
2.110000 0.194417
2.120000 0.211393
2.130000 0.229334
2.140000 0.248237
2.150000 0.268096
2.160000 0.288896
2.170000 0.310616
2.180000 0.333226
2.190000 0.356690
2.200000 0.380960
2.210000 0.405984
2.220000 0.431699
2.230000 0.458035
2.240000 0.484912
2.250000 0.512243
2.260000 0.539933
2.270000 0.567881
2.280000 0.595976
2.290000 0.624103
2.300000 0.652141
2.310000 0.679965
2.320000 0.707444
2.330000 0.734447
2.340000 0.760837
2.350000 0.786480
2.360000 0.811241
2.370000 0.834985
2.380000 0.857583
2.390000 0.878905
2.400000 0.898830
2.410000 0.917241
2.420000 0.934029
2.430000 0.949095
2.440000 0.962345
2.450000 0.973700
2.460000 0.983088
2.470000 0.990452
2.480000 0.995745
2.490000 0.998935
2.500000 1.000000
2.510000 0.998935
2.520000 0.995745
2.530000 0.990452
2.540000 0.983088
2.550000 0.973700
2.560000 0.962345
2.570000 0.949095
2.580000 0.934029
2.590000 0.917241
2.600000 0.898830
2.610000 0.878905
2.620000 0.857583
2.630000 0.834985
2.640000 0.811241
2.650000 0.786480
2.660000 0.760837
2.670000 0.734447
2.680000 0.707444
2.690000 0.679965
2.700000 0.652141
2.710000 0.624103
2.720000 0.595976
2.730000 0.567881
2.740000 0.539933
2.750000 0.512243
2.760000 0.484912
2.770000 0.458035
2.780000 0.431699
2.790000 0.405984
2.800000 0.380960
2.810000 0.356690
2.820000 0.333226
2.830000 0.310616
2.840000 0.288896
2.850000 0.268096
2.860000 0.248237
2.870000 0.229334
2.880000 0.211393
2.890000 0.194417
2.900000 0.178399
2.910000 0.163330
2.920000 0.149193
2.930000 0.135968
2.940000 0.123631
2.950000 0.112155
2.960000 0.101510
2.970000 0.091662
2.980000 0.082576
2.990000 0.074218
3.000000 0.066549
3.010000 0.059532
3.020000 0.053129
3.030000 0.047302
3.040000 0.042014
3.050000 0.037228
3.060000 0.032907
3.070000 0.029018
3.080000 0.025526
3.090000 0.022400
3.100000 0.019608
3.110000 0.017122
3.120000 0.014915
3.130000 0.012959
3.140000 0.011232
3.150000 0.009710
3.160000 0.008374
3.170000 0.007203
3.180000 0.006180
3.190000 0.005288
3.200000 0.004514
3.210000 0.003843
3.220000 0.003263
3.230000 0.002763
3.240000 0.002334
3.250000 0.001966
3.260000 0.001652
3.270000 0.001384
3.280000 0.001156
3.290000 0.000963
3.300000 0.000801
3.310000 0.000663
3.320000 0.000548
3.330000 0.000452
3.340000 0.000371
3.350000 0.000304
3.360000 0.000249
3.370000 0.000202
3.380000 0.000164
3.390000 0.000133
3.400000 0.000108
3.410000 0.000087
3.420000 0.000069
3.430000 0.000056
3.440000 0.000044
3.450000 0.000035
3.460000 0.000028
3.470000 0.000022
3.480000 0.000017
3.490000 0.000014
3.500000 0.000011
3.510000 0.000008
3.520000 0.000006
3.530000 0.000005
3.540000 0.000004
3.550000 0.000003
3.560000 0.000002
3.570000 0.000002
3.580000 0.000001
3.590000 0.000001
3.600000 0.000001
3.610000 0.000001
3.620000 0.000000
3.630000 0.000000
3.640000 0.000000
3.650000 0.000000
3.660000 0.000000
3.670000 0.000000
3.680000 0.000000
3.690000 0.000000
3.700000 0.000000
3.710000 0.000000
3.720000 0.000000
3.730000 0.000000
3.740000 0.000000
3.750000 0.000000
3.760000 0.000000
3.770000 0.000000
3.780000 0.000000
3.790000 0.000000
3.800000 0.000000
3.810000 0.000000
3.820000 0.000000
3.830000 0.000000
3.840000 0.000000
3.850000 0.000000
3.860000 0.000000
3.870000 0.000000
3.880000 0.000000
3.890000 0.000000
3.900000 0.000000
3.910000 0.000000
3.920000 0.000000
3.930000 0.000000
3.940000 0.000000
3.950000 0.000000
3.960000 0.000000
3.970000 0.000000
3.980000 0.000000
3.990000 0.000000
4.000000 0.000000
4.010000 0.000000
4.020000 0.000000
4.030000 0.000000
4.040000 0.000000
4.050000 0.000000
4.060000 0.000000
4.070000 0.000000
4.080000 0.000000
4.090000 0.000000
4.100000 0.000000
4.110000 0.000000
4.120000 0.000000
4.130000 0.000000
4.140000 0.000000
4.150000 0.000000
4.160000 0.000000
4.170000 0.000000
4.180000 0.000000
4.190000 0.000000
4.200000 0.000000
4.210000 0.000000
4.220000 0.000000
4.230000 0.000000
4.240000 0.000000
4.250000 0.000000
4.260000 0.000000
4.270000 0.000000
4.280000 0.000000
4.290000 0.000000
4.300000 0.000000
4.310000 0.000000
4.320000 0.000000
4.330000 0.000000
4.340000 0.000000
4.350000 0.000000
4.360000 0.000000
4.370000 0.000000
4.380000 0.000000
4.390000 0.000000
4.400000 0.000000
4.410000 0.000000
4.420000 0.000000
4.430000 0.000000
4.440000 0.000000
4.450000 0.000000
4.460000 0.000000
4.470000 0.000000
4.480000 0.000000
4.490000 0.000000
4.500000 0.000000
4.510000 0.000000
4.520000 0.000000
4.530000 0.000000
4.540000 0.000000
4.550000 0.000000
4.560000 0.000000
4.570000 0.000000
4.580000 0.000000
4.590000 0.000000
4.600000 0.000000
4.610000 0.000000
4.620000 0.000000
4.630000 0.000000
4.640000 0.000000
4.650000 0.000000
4.660000 0.000000
4.670000 0.000000
4.680000 0.000000
4.690000 0.000000
4.700000 0.000000
4.710000 0.000000
4.720000 0.000000
4.730000 0.000000
4.740000 0.000000
4.750000 0.000000
4.760000 0.000000
4.770000 0.000000
4.780000 0.000000
4.790000 0.000000
4.800000 0.000000
4.810000 0.000000
4.820000 0.000000
4.830000 0.000000
4.840000 0.000000
4.850000 0.000000
4.860000 0.000000
4.870000 0.000000
4.880000 0.000000
4.890000 0.000000
4.900000 0.000000
4.910000 0.000000
4.920000 0.000000
4.930000 0.000000
4.940000 0.000000
4.950000 0.000000
4.960000 0.000000
4.970000 0.000000
4.980000 0.000000
4.990000 0.000000
5.000000 0.000000
5.010000 0.000000
5.020000 0.000000
5.030000 0.000000
5.040000 0.000000
5.050000 0.000000
5.060000 0.000000
5.070000 0.000000
5.080000 0.000000
5.090000 0.000000
5.100000 0.000000
5.110000 0.000000
5.120000 0.000000
5.130000 0.000000
5.140000 0.000000
5.150000 0.000000
5.160000 0.000000
5.170000 0.000000
5.180000 0.000000
5.190000 0.000000
5.200000 0.000000
5.210000 0.000000
5.220000 0.000000
5.230000 0.000000
5.240000 0.000000
5.250000 0.000000
5.260000 0.000000
5.270000 0.000000
5.280000 0.000000
5.290000 0.000000
5.300000 0.000000
5.310000 0.000000
5.320000 0.000000
5.330000 0.000000
5.340000 0.000000
5.350000 0.000000
5.360000 0.000000
5.370000 0.000000
5.380000 0.000000
5.390000 0.000000
5.400000 0.000000
5.410000 0.000000
5.420000 0.000000
5.430000 0.000000
5.440000 0.000000
5.450000 0.000000
5.460000 0.000000
5.470000 0.000000
5.480000 0.000000
5.490000 0.000000
5.500000 0.000000
5.510000 0.000000
5.520000 0.000000
5.530000 0.000000
5.540000 0.000000
5.550000 0.000000
5.560000 0.000000
5.570000 0.000000
5.580000 0.000000
5.590000 0.000000
5.600000 0.000000
5.610000 0.000000
5.620000 0.000000
5.630000 0.000000
5.640000 0.000000
5.650000 0.000000
5.660000 0.000000
5.670000 0.000000
5.680000 0.000000
5.690000 0.000000
5.700000 0.000000
5.710000 0.000000
5.720000 0.000000
5.730000 0.000000
5.740000 0.000000
5.750000 0.000000
5.760000 0.000000
5.770000 0.000000
5.780000 0.000000
5.790000 0.000000
5.800000 0.000000
5.810000 0.000000
5.820000 0.000000
5.830000 0.000000
5.840000 0.000000
5.850000 0.000000
5.860000 0.000000
5.870000 0.000000
5.880000 0.000000
5.890000 0.000000
5.900000 0.000000
5.910000 0.000000
5.920000 0.000000
5.930000 0.000000
5.940000 0.000000
5.950000 0.000000
5.960000 0.000000
5.970000 0.000000
5.980000 0.000000
5.990000 0.000000
6.000000 0.000000
6.010000 0.000000
6.020000 0.000000
6.030000 0.000000
6.040000 0.000000
6.050000 0.000000
6.060000 0.000000
6.070000 0.000000
6.080000 0.000000
6.090000 0.000000
6.100000 0.000000
6.110000 0.000000
6.120000 0.000000
6.130000 0.000000
6.140000 0.000000
6.150000 0.000000
6.160000 0.000000
6.170000 0.000000
6.180000 0.000000
6.190000 0.000000
6.200000 0.000000
6.210000 0.000000
6.220000 0.000000
6.230000 0.000000
6.240000 0.000000
6.250000 0.000000
6.260000 0.000000
6.270000 0.000000
6.280000 0.000000
6.290000 0.000000
6.300000 0.000000
6.310000 0.000000
6.320000 0.000000
6.330000 0.000000
6.340000 0.000000
6.350000 0.000000
6.360000 0.000000
6.370000 0.000000
6.380000 0.000000
6.390000 0.000001
6.400000 0.000001
6.410000 0.000001
6.420000 0.000001
6.430000 0.000002
6.440000 0.000002
6.450000 0.000003
6.460000 0.000004
6.470000 0.000005
6.480000 0.000006
6.490000 0.000008
6.500000 0.000011
6.510000 0.000014
6.520000 0.000017
6.530000 0.000022
6.540000 0.000028
6.550000 0.000035
6.560000 0.000044
6.570000 0.000056
6.580000 0.000069
6.590000 0.000087
6.600000 0.000108
6.610000 0.000133
6.620000 0.000164
6.630000 0.000202
6.640000 0.000249
6.650000 0.000304
6.660000 0.000371
6.670000 0.000452
6.680000 0.000548
6.690000 0.000663
6.700000 0.000801
6.710000 0.000963
6.720000 0.001156
6.730000 0.001384
6.740000 0.001652
6.750000 0.001966
6.760000 0.002334
6.770000 0.002763
6.780000 0.003263
6.790000 0.003843
6.800000 0.004514
6.810000 0.005288
6.820000 0.006180
6.830000 0.007203
6.840000 0.008374
6.850000 0.009710
6.860000 0.011232
6.870000 0.012959
6.880000 0.014915
6.890000 0.017122
6.900000 0.019608
6.910000 0.022400
6.920000 0.025526
6.930000 0.029018
6.940000 0.032907
6.950000 0.037228
6.960000 0.042014
6.970000 0.047302
6.980000 0.053129
6.990000 0.059532
7.000000 0.066549
7.010000 0.074218
7.020000 0.082576
7.030000 0.091662
7.040000 0.101510
7.050000 0.112156
7.060000 0.123631
7.070000 0.135968
7.080000 0.149193
7.090000 0.163330
7.100000 0.178399
7.110000 0.194417
7.120000 0.211393
7.130000 0.229334
7.140000 0.248237
7.150000 0.268096
7.160000 0.288896
7.170000 0.310616
7.180000 0.333226
7.190000 0.356690
7.200000 0.380960
7.210000 0.405984
7.220000 0.431699
7.230000 0.458035
7.240000 0.484911
7.250000 0.512243
7.260000 0.539934
7.270000 0.567881
7.280000 0.595976
7.290000 0.624103
7.300000 0.652142
7.310000 0.679965
7.320000 0.707445
7.330000 0.734447
7.340000 0.760838
7.350000 0.786480
7.360000 0.811242
7.370000 0.834985
7.380000 0.857583
7.390000 0.878904
7.400000 0.898830
7.410000 0.917240
7.420000 0.934029
7.430000 0.949094
7.440000 0.962345
7.450000 0.973700
7.460000 0.983088
7.470000 0.990452
7.480000 0.995745
7.490000 0.998935
7.500000 1.000000
7.510000 0.998935
7.520000 0.995745
7.530000 0.990452
7.540000 0.983088
7.550000 0.973700
7.560000 0.962345
7.570000 0.949094
7.580000 0.934029
7.590000 0.917240
7.600000 0.898830
7.610000 0.878904
7.620000 0.857583
7.630000 0.834985
7.640000 0.811242
7.650000 0.786480
7.660000 0.760838
7.670000 0.734447
7.680000 0.707445
7.690000 0.679965
7.700000 0.652142
7.710000 0.624103
7.720000 0.595976
7.730000 0.567881
7.740000 0.539934
7.750000 0.512243
7.760000 0.484911
7.770000 0.458035
7.780000 0.431699
7.790000 0.405984
7.800000 0.380960
7.810000 0.356690
7.820000 0.333226
7.830000 0.310616
7.840000 0.288896
7.850000 0.268096
7.860000 0.248237
7.870000 0.229334
7.880000 0.211393
7.890000 0.194417
7.900000 0.178399
7.910000 0.163330
7.920000 0.149193
7.930000 0.135968
7.940000 0.123631
7.950000 0.112156
7.960000 0.101510
7.970000 0.091662
7.980000 0.082576
7.990000 0.074218
8.000000 0.066549
8.010000 0.059532
8.020000 0.053129
8.030000 0.047303
8.040000 0.042014
8.050000 0.037228
8.060000 0.032907
8.070000 0.029018
8.080000 0.025526
8.090000 0.022400
8.100000 0.019608
8.110000 0.017122
8.120000 0.014915
8.130000 0.012959
8.140000 0.011232
8.150000 0.009710
8.160000 0.008374
8.170000 0.007203
8.180000 0.006180
8.190000 0.005288
8.200000 0.004514
8.210000 0.003843
8.220000 0.003263
8.230000 0.002763
8.240000 0.002334
8.250000 0.001966
8.260000 0.001652
8.270000 0.001384
8.280000 0.001156
8.290000 0.000963
8.300000 0.000801
8.310000 0.000663
8.320000 0.000548
8.330000 0.000452
8.340000 0.000371
8.350000 0.000304
8.360000 0.000249
8.370000 0.000202
8.380000 0.000164
8.390000 0.000133
8.400000 0.000108
8.410000 0.000087
8.420000 0.000069
8.430000 0.000056
8.440000 0.000044
8.450000 0.000035
8.460000 0.000028
8.470000 0.000022
8.480000 0.000017
8.490000 0.000014
8.500000 0.000011
8.510000 0.000008
8.520000 0.000006
8.530000 0.000005
8.540000 0.000004
8.550000 0.000003
8.560000 0.000002
8.570000 0.000002
8.580000 0.000001
8.590000 0.000001
8.600000 0.000001
8.610000 0.000001
8.620000 0.000000
8.630000 0.000000
8.640000 0.000000
8.650000 0.000000
8.660000 0.000000
8.670000 0.000000
8.680000 0.000000
8.690000 0.000000
8.700000 0.000000
8.710000 0.000000
8.720000 0.000000
8.730000 0.000000
8.740000 0.000000
8.750000 0.000000
8.760000 0.000000
8.770000 0.000000
8.780000 0.000000
8.790000 0.000000
8.800000 0.000000
8.810000 0.000000
8.820000 0.000000
8.830000 0.000000
8.840000 0.000000
8.850000 0.000000
8.860000 0.000000
8.870000 0.000000
8.880000 0.000000
8.890000 0.000000
8.900000 0.000000
8.910000 0.000000
8.920000 0.000000
8.930000 0.000000
8.940000 0.000000
8.950000 0.000000
8.960000 0.000000
8.970000 0.000000
8.980000 0.000000
8.990000 0.000000
9.000000 0.000000
9.010000 0.000000
9.020000 0.000000
9.030000 0.000000
9.040000 0.000000
9.050000 0.000000
9.060000 0.000000
9.070000 0.000000
9.080000 0.000000
9.090000 0.000000
9.100000 0.000000
9.110000 0.000000
9.120000 0.000000
9.130000 0.000000
9.140000 0.000000
9.150000 0.000000
9.160000 0.000000
9.170000 0.000000
9.180000 0.000000
9.190000 0.000000
9.200000 0.000000
9.210000 0.000000
9.220000 0.000000
9.230000 0.000000
9.240000 0.000000
9.250000 0.000000
9.260000 0.000000
9.270000 0.000000
9.280000 0.000000
9.290000 0.000000
9.300000 0.000000
9.310000 0.000000
9.320000 0.000000
9.330000 0.000000
9.340000 0.000000
9.350000 0.000000
9.360000 0.000000
9.370000 0.000000
9.380000 0.000000
9.390000 0.000000
9.400000 0.000000
9.410000 0.000000
9.420000 0.000000
9.430000 0.000000
9.440000 0.000000
9.450000 0.000000
9.460000 0.000000
9.470000 0.000000
9.480000 0.000000
9.490000 0.000000
9.500000 0.000000
9.510000 0.000000
9.520000 0.000000
9.530000 0.000000
9.540000 0.000000
9.550000 0.000000
9.560000 0.000000
9.570000 0.000000
9.580000 0.000000
9.590000 0.000000
9.600000 0.000000
9.610000 0.000000
9.620000 0.000000
9.630000 0.000000
9.640000 0.000000
9.650000 0.000000
9.660000 0.000000
9.670000 0.000000
9.680000 0.000000
9.690000 0.000000
9.700000 0.000000
9.710000 0.000000
9.720000 0.000000
9.730000 0.000000
9.740000 0.000000
9.750000 0.000000
9.760000 0.000000
9.770000 0.000000
9.780000 0.000000
9.790000 0.000000
9.800000 0.000000
9.810000 0.000000
9.820000 0.000000
9.830000 0.000000
9.840000 0.000000
9.850000 0.000000
9.860000 0.000000
9.870000 0.000000
9.880000 0.000000
9.890000 0.000000
9.900000 0.000000
9.910000 0.000000
9.920000 0.000000
9.930000 0.000000
9.940000 0.000000
9.950000 0.000000
9.960000 0.000000
9.970000 0.000000
9.980000 0.000000
9.990000 0.000000
10.000000 0.000000
