0.000000 0.000000
0.010000 0.000000
0.020000 0.000000
0.030000 0.000000
0.040000 0.000000
0.050000 0.000000
0.060000 0.000000
0.070000 0.000000
0.080000 0.000000
0.090000 0.000000
0.100000 0.000000
0.110000 0.000000
0.120000 0.000000
0.130000 0.000000
0.140000 0.000000
0.150000 0.000000
0.160000 0.000000
0.170000 0.000000
0.180000 0.000000
0.190000 0.000000
0.200000 0.000000
0.210000 0.000000
0.220000 0.000000
0.230000 0.000000
0.240000 0.000000
0.250000 0.000000
0.260000 0.000000
0.270000 0.000000
0.280000 0.000000
0.290000 0.000000
0.300000 0.000000
0.310000 0.000000
0.320000 0.000000
0.330000 0.000000
0.340000 0.000000
0.350000 0.000000
0.360000 0.000000
0.370000 0.000000
0.380000 0.000000
0.390000 0.000000
0.400000 0.000000
0.410000 0.000000
0.420000 0.000000
0.430000 0.000000
0.440000 0.000000
0.450000 0.000000
0.460000 0.000000
0.470000 0.000000
0.480000 0.000000
0.490000 0.000000
0.500000 0.000000
0.510000 0.000000
0.520000 0.000000
0.530000 0.000000
0.540000 0.000000
0.550000 0.000000
0.560000 0.000000
0.570000 0.000000
0.580000 0.000000
0.590000 0.000000
0.600000 0.000000
0.610000 0.000000
0.620000 0.000000
0.630000 0.000000
0.640000 0.000000
0.650000 0.000000
0.660000 0.000000
0.670000 0.000000
0.680000 0.000000
0.690000 0.000000
0.700000 0.000000
0.710000 0.000000
0.720000 0.000000
0.730000 0.000000
0.740000 0.000000
0.750000 0.000000
0.760000 0.000000
0.770000 0.000000
0.780000 0.000000
0.790000 0.000000
0.800000 0.000000
0.810000 0.000000
0.820000 0.000000
0.830000 0.000000
0.840000 0.000000
0.850000 0.000000
0.860000 0.000000
0.870000 0.000000
0.880000 0.000000
0.890000 0.000000
0.900000 0.000000
0.910000 0.000000
0.920000 0.000000
0.930000 0.000000
0.940000 0.000000
0.950000 0.000000
0.960000 0.000000
0.970000 0.000000
0.980000 0.000000
0.990000 0.000000
1.000000 0.000000
1.010000 0.000000
1.020000 0.000000
1.030000 0.000000
1.040000 0.000000
1.050000 0.000000
1.060000 0.000000
1.070000 0.000000
1.080000 0.000000
1.090000 0.000000
1.100000 0.000000
1.110000 0.000000
1.120000 0.000000
1.130000 0.000000
1.140000 0.000000
1.150000 0.000000
1.160000 0.000000
1.170000 0.000000
1.180000 0.000000
1.190000 0.000000
1.200000 0.000000
1.210000 0.000000
1.220000 0.000000
1.230000 0.000000
1.240000 0.000000
1.250000 0.000000
1.260000 0.000000
1.270000 0.000000
1.280000 0.000000
1.290000 0.000000
1.300000 0.000000
1.310000 0.000000
1.320000 0.000001
1.330000 0.000001
1.340000 0.000001
1.350000 0.000001
1.360000 0.000002
1.370000 0.000002
1.380000 0.000003
1.390000 0.000004
1.400000 0.000005
1.410000 0.000006
1.420000 0.000008
1.430000 0.000010
1.440000 0.000012
1.450000 0.000016
1.460000 0.000020
1.470000 0.000024
1.480000 0.000031
1.490000 0.000038
1.500000 0.000047
1.510000 0.000058
1.520000 0.000072
1.530000 0.000089
1.540000 0.000109
1.550000 0.000133
1.560000 0.000163
1.570000 0.000198
1.580000 0.000240
1.590000 0.000291
1.600000 0.000352
1.610000 0.000423
1.620000 0.000509
1.630000 0.000610
1.640000 0.000729
1.650000 0.000869
1.660000 0.001034
1.670000 0.001226
1.680000 0.001451
1.690000 0.001713
1.700000 0.002018
1.710000 0.002370
1.720000 0.002778
1.730000 0.003248
1.740000 0.003789
1.750000 0.004410
1.760000 0.005120
1.770000 0.005930
1.780000 0.006853
1.790000 0.007902
1.800000 0.009090
1.810000 0.010434
1.820000 0.011949
1.830000 0.013653
1.840000 0.015566
1.850000 0.017707
1.860000 0.020099
1.870000 0.022764
1.880000 0.025726
1.890000 0.029010
1.900000 0.032643
1.910000 0.036653
1.920000 0.041067
1.930000 0.045915
1.940000 0.051227
1.950000 0.057033
1.960000 0.063364
1.970000 0.070252
1.980000 0.077726
1.990000 0.085818
2.000000 0.094558
2.010000 0.103974
2.020000 0.114094
2.030000 0.124945
2.040000 0.136551
2.050000 0.148933
2.060000 0.162112
2.070000 0.176104
2.080000 0.190921
2.090000 0.206574
2.100000 0.223067
2.110000 0.240400
2.120000 0.258571
2.130000 0.277569
2.140000 0.297379
2.150000 0.317981
2.160000 0.339348
2.170000 0.361449
2.180000 0.384243
2.190000 0.407687
2.200000 0.431728
2.210000 0.456308
2.220000 0.481363
2.230000 0.506823
2.240000 0.532611
2.250000 0.558646
2.260000 0.584840
2.270000 0.611100
2.280000 0.637332
2.290000 0.663433
2.300000 0.689300
2.310000 0.714828
2.320000 0.739906
2.330000 0.764427
2.340000 0.788279
2.350000 0.811353
2.360000 0.833541
2.370000 0.854735
2.380000 0.874834
2.390000 0.893735
2.400000 0.911344
2.410000 0.927570
2.420000 0.942329
2.430000 0.955544
2.440000 0.967145
2.450000 0.977070
2.460000 0.985264
2.470000 0.991685
2.480000 0.996296
2.490000 0.999073
2.500000 1.000000
2.510000 0.999073
2.520000 0.996296
2.530000 0.991685
2.540000 0.985264
2.550000 0.977070
2.560000 0.967145
2.570000 0.955544
2.580000 0.942329
2.590000 0.927570
2.600000 0.911344
2.610000 0.893735
2.620000 0.874834
2.630000 0.854735
2.640000 0.833541
2.650000 0.811353
2.660000 0.788279
2.670000 0.764427
2.680000 0.739906
2.690000 0.714828
2.700000 0.689300
2.710000 0.663433
2.720000 0.637332
2.730000 0.611100
2.740000 0.584840
2.750000 0.558646
2.760000 0.532611
2.770000 0.506823
2.780000 0.481363
2.790000 0.456308
2.800000 0.431728
2.810000 0.407687
2.820000 0.384243
2.830000 0.361449
2.840000 0.339348
2.850000 0.317981
2.860000 0.297379
2.870000 0.277569
2.880000 0.258571
2.890000 0.240400
2.900000 0.223067
2.910000 0.206574
2.920000 0.190921
2.930000 0.176104
2.940000 0.162112
2.950000 0.148933
2.960000 0.136551
2.970000 0.124945
2.980000 0.114094
2.990000 0.103974
3.000000 0.094558
3.010000 0.085818
3.020000 0.077726
3.030000 0.070252
3.040000 0.063364
3.050000 0.057033
3.060000 0.051227
3.070000 0.045915
3.080000 0.041067
3.090000 0.036653
3.100000 0.032643
3.110000 0.029010
3.120000 0.025726
3.130000 0.022764
3.140000 0.020099
3.150000 0.017707
3.160000 0.015566
3.170000 0.013653
3.180000 0.011949
3.190000 0.010434
3.200000 0.009090
3.210000 0.007902
3.220000 0.006853
3.230000 0.005930
3.240000 0.005120
3.250000 0.004410
3.260000 0.003789
3.270000 0.003248
3.280000 0.002778
3.290000 0.002370
3.300000 0.002018
3.310000 0.001713
3.320000 0.001451
3.330000 0.001226
3.340000 0.001034
3.350000 0.000869
3.360000 0.000729
3.370000 0.000610
3.380000 0.000509
3.390000 0.000423
3.400000 0.000352
3.410000 0.000291
3.420000 0.000240
3.430000 0.000198
3.440000 0.000163
3.450000 0.000133
3.460000 0.000109
3.470000 0.000089
3.480000 0.000072
3.490000 0.000058
3.500000 0.000047
3.510000 0.000038
3.520000 0.000031
3.530000 0.000024
3.540000 0.000020
3.550000 0.000016
3.560000 0.000012
3.570000 0.000010
3.580000 0.000008
3.590000 0.000006
3.600000 0.000005
3.610000 0.000004
3.620000 0.000003
3.630000 0.000002
3.640000 0.000002
3.650000 0.000001
3.660000 0.000001
3.670000 0.000001
3.680000 0.000001
3.690000 0.000000
3.700000 0.000000
3.710000 0.000000
3.720000 0.000000
3.730000 0.000000
3.740000 0.000000
3.750000 0.000000
3.760000 0.000000
3.770000 0.000000
3.780000 0.000000
3.790000 0.000000
3.800000 0.000000
3.810000 0.000000
3.820000 0.000000
3.830000 0.000000
3.840000 0.000000
3.850000 0.000000
3.860000 0.000000
3.870000 0.000000
3.880000 0.000000
3.890000 0.000000
3.900000 0.000000
3.910000 0.000000
3.920000 0.000000
3.930000 0.000000
3.940000 0.000000
3.950000 0.000000
3.960000 0.000000
3.970000 0.000000
3.980000 0.000000
3.990000 0.000000
4.000000 0.000000
4.010000 0.000000
4.020000 0.000000
4.030000 0.000000
4.040000 0.000000
4.050000 0.000000
4.060000 0.000000
4.070000 0.000000
4.080000 0.000000
4.090000 0.000000
4.100000 0.000000
4.110000 0.000000
4.120000 0.000000
4.130000 0.000000
4.140000 0.000000
4.150000 0.000000
4.160000 0.000000
4.170000 0.000000
4.180000 0.000000
4.190000 0.000000
4.200000 0.000000
4.210000 0.000000
4.220000 0.000000
4.230000 0.000000
4.240000 0.000000
4.250000 0.000000
4.260000 0.000000
4.270000 0.000000
4.280000 0.000000
4.290000 0.000000
4.300000 0.000000
4.310000 0.000000
4.320000 0.000000
4.330000 0.000000
4.340000 0.000000
4.350000 0.000000
4.360000 0.000000
4.370000 0.000000
4.380000 0.000000
4.390000 0.000000
4.400000 0.000000
4.410000 0.000000
4.420000 0.000000
4.430000 0.000000
4.440000 0.000000
4.450000 0.000000
4.460000 0.000000
4.470000 0.000000
4.480000 0.000000
4.490000 0.000000
4.500000 0.000000
4.510000 0.000000
4.520000 0.000000
4.530000 0.000000
4.540000 0.000000
4.550000 0.000000
4.560000 0.000000
4.570000 0.000000
4.580000 0.000000
4.590000 0.000000
4.600000 0.000000
4.610000 0.000000
4.620000 0.000000
4.630000 0.000000
4.640000 0.000000
4.650000 0.000000
4.660000 0.000000
4.670000 0.000000
4.680000 0.000000
4.690000 0.000000
4.700000 0.000000
4.710000 0.000000
4.720000 0.000000
4.730000 0.000000
4.740000 0.000000
4.750000 0.000000
4.760000 0.000000
4.770000 0.000000
4.780000 0.000000
4.790000 0.000000
4.800000 0.000000
4.810000 0.000000
4.820000 0.000000
4.830000 0.000000
4.840000 0.000000
4.850000 0.000000
4.860000 0.000000
4.870000 0.000000
4.880000 0.000000
4.890000 0.000000
4.900000 0.000000
4.910000 0.000000
4.920000 0.000000
4.930000 0.000000
4.940000 0.000000
4.950000 0.000000
4.960000 0.000000
4.970000 0.000000
4.980000 0.000000
4.990000 0.000000
5.000000 0.000000
5.010000 -0.000000
5.020000 -0.000000
5.030000 -0.000000
5.040000 -0.000000
5.050000 -0.000000
5.060000 -0.000000
5.070000 -0.000000
5.080000 -0.000000
5.090000 -0.000000
5.100000 -0.000000
5.110000 -0.000000
5.120000 -0.000000
5.130000 -0.000000
5.140000 -0.000000
5.150000 -0.000000
5.160000 -0.000000
5.170000 -0.000000
5.180000 -0.000000
5.190000 -0.000000
5.200000 -0.000000
5.210000 -0.000000
5.220000 -0.000000
5.230000 -0.000000
5.240000 -0.000000
5.250000 -0.000000
5.260000 -0.000000
5.270000 -0.000000
5.280000 -0.000000
5.290000 -0.000000
5.300000 -0.000000
5.310000 -0.000000
5.320000 -0.000000
5.330000 -0.000000
5.340000 -0.000000
5.350000 -0.000000
5.360000 -0.000000
5.370000 -0.000000
5.380000 -0.000000
5.390000 -0.000000
5.400000 -0.000000
5.410000 -0.000000
5.420000 -0.000000
5.430000 -0.000000
5.440000 -0.000000
5.450000 -0.000000
5.460000 -0.000000
5.470000 -0.000000
5.480000 -0.000000
5.490000 -0.000000
5.500000 -0.000000
5.510000 -0.000000
5.520000 -0.000000
5.530000 -0.000000
5.540000 -0.000000
5.550000 -0.000000
5.560000 -0.000000
5.570000 -0.000000
5.580000 -0.000000
5.590000 -0.000000
5.600000 -0.000000
5.610000 -0.000000
5.620000 -0.000000
5.630000 -0.000000
5.640000 -0.000000
5.650000 -0.000000
5.660000 -0.000000
5.670000 -0.000000
5.680000 -0.000000
5.690000 -0.000000
5.700000 -0.000000
5.710000 -0.000000
5.720000 -0.000000
5.730000 -0.000000
5.740000 -0.000000
5.750000 -0.000000
5.760000 -0.000000
5.770000 -0.000000
5.780000 -0.000000
5.790000 -0.000000
5.800000 -0.000000
5.810000 -0.000000
5.820000 -0.000000
5.830000 -0.000000
5.840000 -0.000000
5.850000 -0.000000
5.860000 -0.000000
5.870000 -0.000000
5.880000 -0.000000
5.890000 -0.000000
5.900000 -0.000000
5.910000 -0.000000
5.920000 -0.000000
5.930000 -0.000000
5.940000 -0.000000
5.950000 -0.000000
5.960000 -0.000000
5.970000 -0.000000
5.980000 -0.000000
5.990000 -0.000000
6.000000 -0.000000
6.010000 -0.000000
6.020000 -0.000000
6.030000 -0.000000
6.040000 -0.000000
6.050000 -0.000000
6.060000 -0.000000
6.070000 -0.000000
6.080000 -0.000000
6.090000 -0.000000
6.100000 -0.000000
6.110000 -0.000000
6.120000 -0.000000
6.130000 -0.000000
6.140000 -0.000000
6.150000 -0.000000
6.160000 -0.000000
6.170000 -0.000000
6.180000 -0.000000
6.190000 -0.000000
6.200000 -0.000000
6.210000 -0.000000
6.220000 -0.000000
6.230000 -0.000000
6.240000 -0.000000
6.250000 -0.000000
6.260000 -0.000000
6.270000 -0.000000
6.280000 -0.000000
6.290000 -0.000000
6.300000 -0.000000
6.310000 -0.000000
6.320000 -0.000001
6.330000 -0.000001
6.340000 -0.000001
6.350000 -0.000001
6.360000 -0.000002
6.370000 -0.000002
6.380000 -0.000003
6.390000 -0.000004
6.400000 -0.000005
6.410000 -0.000006
6.420000 -0.000008
6.430000 -0.000010
6.440000 -0.000012
6.450000 -0.000016
6.460000 -0.000020
6.470000 -0.000024
6.480000 -0.000031
6.490000 -0.000038
6.500000 -0.000047
6.510000 -0.000058
6.520000 -0.000072
6.530000 -0.000089
6.540000 -0.000109
6.550000 -0.000133
6.560000 -0.000163
6.570000 -0.000198
6.580000 -0.000240
6.590000 -0.000291
6.600000 -0.000352
6.610000 -0.000423
6.620000 -0.000509
6.630000 -0.000610
6.640000 -0.000729
6.650000 -0.000869
6.660000 -0.001034
6.670000 -0.001226
6.680000 -0.001451
6.690000 -0.001713
6.700000 -0.002018
6.710000 -0.002370
6.720000 -0.002778
6.730000 -0.003248
6.740000 -0.003789
6.750000 -0.004410
6.760000 -0.005120
6.770000 -0.005930
6.780000 -0.006853
6.790000 -0.007902
6.800000 -0.009090
6.810000 -0.010434
6.820000 -0.011949
6.830000 -0.013653
6.840000 -0.015566
6.850000 -0.017707
6.860000 -0.020099
6.870000 -0.022764
6.880000 -0.025726
6.890000 -0.029010
6.900000 -0.032643
6.910000 -0.036653
6.920000 -0.041067
6.930000 -0.045915
6.940000 -0.051227
6.950000 -0.057033
6.960000 -0.063364
6.970000 -0.070252
6.980000 -0.077726
6.990000 -0.085818
7.000000 -0.094558
7.010000 -0.103974
7.020000 -0.114094
7.030000 -0.124945
7.040000 -0.136551
7.050000 -0.148933
7.060000 -0.162112
7.070000 -0.176104
7.080000 -0.190921
7.090000 -0.206574
7.100000 -0.223067
7.110000 -0.240401
7.120000 -0.258571
7.130000 -0.277569
7.140000 -0.297378
7.150000 -0.317981
7.160000 -0.339348
7.170000 -0.361449
7.180000 -0.384243
7.190000 -0.407687
7.200000 -0.431727
7.210000 -0.456308
7.220000 -0.481362
7.230000 -0.506823
7.240000 -0.532611
7.250000 -0.558646
7.260000 -0.584840
7.270000 -0.611100
7.280000 -0.637332
7.290000 -0.663433
7.300000 -0.689301
7.310000 -0.714828
7.320000 -0.739907
7.330000 -0.764427
7.340000 -0.788279
7.350000 -0.811353
7.360000 -0.833541
7.370000 -0.854735
7.380000 -0.874834
7.390000 -0.893734
7.400000 -0.911344
7.410000 -0.927570
7.420000 -0.942329
7.430000 -0.955544
7.440000 -0.967145
7.450000 -0.977069
7.460000 -0.985264
7.470000 -0.991684
7.480000 -0.996296
7.490000 -0.999073
7.500000 -1.000000
7.510000 -0.999073
7.520000 -0.996296
7.530000 -0.991684
7.540000 -0.985264
7.550000 -0.977069
7.560000 -0.967145
7.570000 -0.955544
7.580000 -0.942329
7.590000 -0.927570
7.600000 -0.911344
7.610000 -0.893734
7.620000 -0.874834
7.630000 -0.854735
7.640000 -0.833541
7.650000 -0.811353
7.660000 -0.788279
7.670000 -0.764427
7.680000 -0.739907
7.690000 -0.714828
7.700000 -0.689301
7.710000 -0.663433
7.720000 -0.637332
7.730000 -0.611100
7.740000 -0.584840
7.750000 -0.558646
7.760000 -0.532611
7.770000 -0.506823
7.780000 -0.481362
7.790000 -0.456308
7.800000 -0.431727
7.810000 -0.407687
7.820000 -0.384243
7.830000 -0.361449
7.840000 -0.339348
7.850000 -0.317981
7.860000 -0.297378
7.870000 -0.277569
7.880000 -0.258571
7.890000 -0.240401
7.900000 -0.223067
7.910000 -0.206574
7.920000 -0.190921
7.930000 -0.176104
7.940000 -0.162112
7.950000 -0.148933
7.960000 -0.136551
7.970000 -0.124945
7.980000 -0.114094
7.990000 -0.103974
8.000000 -0.094558
8.010000 -0.085818
8.020000 -0.077726
8.030000 -0.070252
8.040000 -0.063364
8.050000 -0.057033
8.060000 -0.051227
8.070000 -0.045915
8.080000 -0.041067
8.090000 -0.036653
8.100000 -0.032643
8.110000 -0.029010
8.120000 -0.025726
8.130000 -0.022764
8.140000 -0.020099
8.150000 -0.017707
8.160000 -0.015566
8.170000 -0.013653
8.180000 -0.011949
8.190000 -0.010434
8.200000 -0.009090
8.210000 -0.007902
8.220000 -0.006853
8.230000 -0.005930
8.240000 -0.005120
8.250000 -0.004410
8.260000 -0.003789
8.270000 -0.003248
8.280000 -0.002778
8.290000 -0.002370
8.300000 -0.002018
8.310000 -0.001713
8.320000 -0.001451
8.330000 -0.001226
8.340000 -0.001034
8.350000 -0.000869
8.360000 -0.000729
8.370000 -0.000610
8.380000 -0.000509
8.390000 -0.000423
8.400000 -0.000352
8.410000 -0.000291
8.420000 -0.000240
8.430000 -0.000198
8.440000 -0.000163
8.450000 -0.000133
8.460000 -0.000109
8.470000 -0.000089
8.480000 -0.000072
8.490000 -0.000058
8.500000 -0.000047
8.510000 -0.000038
8.520000 -0.000031
8.530000 -0.000024
8.540000 -0.000020
8.550000 -0.000016
8.560000 -0.000012
8.570000 -0.000010
8.580000 -0.000008
8.590000 -0.000006
8.600000 -0.000005
8.610000 -0.000004
8.620000 -0.000003
8.630000 -0.000002
8.640000 -0.000002
8.650000 -0.000001
8.660000 -0.000001
8.670000 -0.000001
8.680000 -0.000001
8.690000 -0.000000
8.700000 -0.000000
8.710000 -0.000000
8.720000 -0.000000
8.730000 -0.000000
8.740000 -0.000000
8.750000 -0.000000
8.760000 -0.000000
8.770000 -0.000000
8.780000 -0.000000
8.790000 -0.000000
8.800000 -0.000000
8.810000 -0.000000
8.820000 -0.000000
8.830000 -0.000000
8.840000 -0.000000
8.850000 -0.000000
8.860000 -0.000000
8.870000 -0.000000
8.880000 -0.000000
8.890000 -0.000000
8.900000 -0.000000
8.910000 -0.000000
8.920000 -0.000000
8.930000 -0.000000
8.940000 -0.000000
8.950000 -0.000000
8.960000 -0.000000
8.970000 -0.000000
8.980000 -0.000000
8.990000 -0.000000
9.000000 -0.000000
9.010000 -0.000000
9.020000 -0.000000
9.030000 -0.000000
9.040000 -0.000000
9.050000 -0.000000
9.060000 -0.000000
9.070000 -0.000000
9.080000 -0.000000
9.090000 -0.000000
9.100000 -0.000000
9.110000 -0.000000
9.120000 -0.000000
9.130000 -0.000000
9.140000 -0.000000
9.150000 -0.000000
9.160000 -0.000000
9.170000 -0.000000
9.180000 -0.000000
9.190000 -0.000000
9.200000 -0.000000
9.210000 -0.000000
9.220000 -0.000000
9.230000 -0.000000
9.240000 -0.000000
9.250000 -0.000000
9.260000 -0.000000
9.270000 -0.000000
9.280000 -0.000000
9.290000 -0.000000
9.300000 -0.000000
9.310000 -0.000000
9.320000 -0.000000
9.330000 -0.000000
9.340000 -0.000000
9.350000 -0.000000
9.360000 -0.000000
9.370000 -0.000000
9.380000 -0.000000
9.390000 -0.000000
9.400000 -0.000000
9.410000 -0.000000
9.420000 -0.000000
9.430000 -0.000000
9.440000 -0.000000
9.450000 -0.000000
9.460000 -0.000000
9.470000 -0.000000
9.480000 -0.000000
9.490000 -0.000000
9.500000 -0.000000
9.510000 -0.000000
9.520000 -0.000000
9.530000 -0.000000
9.540000 -0.000000
9.550000 -0.000000
9.560000 -0.000000
9.570000 -0.000000
9.580000 -0.000000
9.590000 -0.000000
9.600000 -0.000000
9.610000 -0.000000
9.620000 -0.000000
9.630000 -0.000000
9.640000 -0.000000
9.650000 -0.000000
9.660000 -0.000000
9.670000 -0.000000
9.680000 -0.000000
9.690000 -0.000000
9.700000 -0.000000
9.710000 -0.000000
9.720000 -0.000000
9.730000 -0.000000
9.740000 -0.000000
9.750000 -0.000000
9.760000 -0.000000
9.770000 -0.000000
9.780000 -0.000000
9.790000 -0.000000
9.800000 -0.000000
9.810000 -0.000000
9.820000 -0.000000
9.830000 -0.000000
9.840000 -0.000000
9.850000 -0.000000
9.860000 -0.000000
9.870000 -0.000000
9.880000 -0.000000
9.890000 -0.000000
9.900000 -0.000000
9.910000 -0.000000
9.920000 -0.000000
9.930000 -0.000000
9.940000 -0.000000
9.950000 -0.000000
9.960000 -0.000000
9.970000 -0.000000
9.980000 -0.000000
9.990000 -0.000000
10.000000 -0.000000
