0.000000 0.000000
0.010000 0.000000
0.020000 0.000000
0.030000 0.000000
0.040000 0.000000
0.050000 0.000000
0.060000 0.000000
0.070000 0.000000
0.080000 0.000000
0.090000 0.000000
0.100000 0.000000
0.110000 0.000000
0.120000 0.000000
0.130000 0.000000
0.140000 0.000000
0.150000 0.000000
0.160000 0.000000
0.170000 0.000000
0.180000 0.000000
0.190000 0.000000
0.200000 0.000000
0.210000 0.000000
0.220000 0.000000
0.230000 0.000000
0.240000 0.000000
0.250000 0.000000
0.260000 0.000000
0.270000 0.000000
0.280000 0.000000
0.290000 0.000000
0.300000 0.000000
0.310000 0.000000
0.320000 0.000000
0.330000 0.000000
0.340000 0.000000
0.350000 0.000000
0.360000 0.000000
0.370000 0.000000
0.380000 0.000000
0.390000 0.000000
0.400000 0.000000
0.410000 0.000000
0.420000 0.000000
0.430000 0.000000
0.440000 0.000000
0.450000 0.000000
0.460000 0.000000
0.470000 0.000000
0.480000 0.000000
0.490000 0.000000
0.500000 0.000000
0.510000 0.000000
0.520000 0.000000
0.530000 0.000000
0.540000 0.000000
0.550000 0.000000
0.560000 0.000000
0.570000 0.000000
0.580000 0.000000
0.590000 0.000000
0.600000 0.000000
0.610000 0.000000
0.620000 0.000000
0.630000 0.000000
0.640000 0.000000
0.650000 0.000000
0.660000 0.000000
0.670000 0.000000
0.680000 0.000000
0.690000 0.000000
0.700000 0.000000
0.710000 0.000000
0.720000 0.000000
0.730000 0.000000
0.740000 0.000000
0.750000 0.000000
0.760000 0.000000
0.770000 0.000000
0.780000 0.000000
0.790000 0.000000
0.800000 0.000000
0.810000 0.000000
0.820000 0.000000
0.830000 0.000000
0.840000 0.000000
0.850000 0.000000
0.860000 0.000000
0.870000 0.000000
0.880000 0.000000
0.890000 0.000000
0.900000 0.000000
0.910000 0.000000
0.920000 0.000001
0.930000 0.000001
0.940000 0.000001
0.950000 0.000001
0.960000 0.000001
0.970000 0.000002
0.980000 0.000002
0.990000 0.000002
1.000000 0.000003
1.010000 0.000004
1.020000 0.000004
1.030000 0.000005
1.040000 0.000006
1.050000 0.000008
1.060000 0.000010
1.070000 0.000012
1.080000 0.000014
1.090000 0.000017
1.100000 0.000020
1.110000 0.000024
1.120000 0.000029
1.130000 0.000035
1.140000 0.000041
1.150000 0.000049
1.160000 0.000058
1.170000 0.000069
1.180000 0.000081
1.190000 0.000095
1.200000 0.000112
1.210000 0.000132
1.220000 0.000154
1.230000 0.000180
1.240000 0.000210
1.250000 0.000244
1.260000 0.000284
1.270000 0.000329
1.280000 0.000381
1.290000 0.000440
1.300000 0.000507
1.310000 0.000584
1.320000 0.000671
1.330000 0.000769
1.340000 0.000881
1.350000 0.001007
1.360000 0.001149
1.370000 0.001309
1.380000 0.001489
1.390000 0.001691
1.400000 0.001917
1.410000 0.002170
1.420000 0.002453
1.430000 0.002768
1.440000 0.003119
1.450000 0.003508
1.460000 0.003941
1.470000 0.004420
1.480000 0.004949
1.490000 0.005535
1.500000 0.006180
1.510000 0.006891
1.520000 0.007672
1.530000 0.008530
1.540000 0.009470
1.550000 0.010499
1.560000 0.011624
1.570000 0.012852
1.580000 0.014190
1.590000 0.015646
1.600000 0.017229
1.610000 0.018947
1.620000 0.020809
1.630000 0.022823
1.640000 0.025000
1.650000 0.027350
1.660000 0.029882
1.670000 0.032607
1.680000 0.035536
1.690000 0.038679
1.700000 0.042048
1.710000 0.045654
1.720000 0.049509
1.730000 0.053624
1.740000 0.058011
1.750000 0.062682
1.760000 0.067647
1.770000 0.072920
1.780000 0.078511
1.790000 0.084432
1.800000 0.090693
1.810000 0.097306
1.820000 0.104281
1.830000 0.111629
1.840000 0.119358
1.850000 0.127479
1.860000 0.135999
1.870000 0.144925
1.880000 0.154266
1.890000 0.164028
1.900000 0.174215
1.910000 0.184832
1.920000 0.195882
1.930000 0.207368
1.940000 0.219290
1.950000 0.231649
1.960000 0.244442
1.970000 0.257667
1.980000 0.271320
1.990000 0.285394
2.000000 0.299883
2.010000 0.314777
2.020000 0.330067
2.030000 0.345740
2.040000 0.361783
2.050000 0.378179
2.060000 0.394913
2.070000 0.411965
2.080000 0.429316
2.090000 0.446942
2.100000 0.464821
2.110000 0.482927
2.120000 0.501234
2.130000 0.519713
2.140000 0.538334
2.150000 0.557066
2.160000 0.575877
2.170000 0.594733
2.180000 0.613598
2.190000 0.632438
2.200000 0.651215
2.210000 0.669891
2.220000 0.688428
2.230000 0.706787
2.240000 0.724928
2.250000 0.742811
2.260000 0.760396
2.270000 0.777644
2.280000 0.794514
2.290000 0.810966
2.300000 0.826961
2.310000 0.842461
2.320000 0.857426
2.330000 0.871820
2.340000 0.885606
2.350000 0.898750
2.360000 0.911218
2.370000 0.922976
2.380000 0.933996
2.390000 0.944246
2.400000 0.953701
2.410000 0.962334
2.420000 0.970123
2.430000 0.977047
2.440000 0.983086
2.450000 0.988224
2.460000 0.992448
2.470000 0.995745
2.480000 0.998107
2.490000 0.999526
2.500000 1.000000
2.510000 0.999526
2.520000 0.998107
2.530000 0.995745
2.540000 0.992448
2.550000 0.988224
2.560000 0.983086
2.570000 0.977047
2.580000 0.970123
2.590000 0.962334
2.600000 0.953701
2.610000 0.944246
2.620000 0.933996
2.630000 0.922976
2.640000 0.911218
2.650000 0.898750
2.660000 0.885606
2.670000 0.871820
2.680000 0.857426
2.690000 0.842461
2.700000 0.826961
2.710000 0.810966
2.720000 0.794514
2.730000 0.777644
2.740000 0.760396
2.750000 0.742811
2.760000 0.724928
2.770000 0.706787
2.780000 0.688428
2.790000 0.669891
2.800000 0.651215
2.810000 0.632438
2.820000 0.613598
2.830000 0.594733
2.840000 0.575877
2.850000 0.557066
2.860000 0.538334
2.870000 0.519713
2.880000 0.501234
2.890000 0.482927
2.900000 0.464821
2.910000 0.446942
2.920000 0.429316
2.930000 0.411965
2.940000 0.394913
2.950000 0.378179
2.960000 0.361783
2.970000 0.345740
2.980000 0.330067
2.990000 0.314777
3.000000 0.299883
3.010000 0.285394
3.020000 0.271320
3.030000 0.257667
3.040000 0.244442
3.050000 0.231649
3.060000 0.219290
3.070000 0.207368
3.080000 0.195882
3.090000 0.184832
3.100000 0.174215
3.110000 0.164028
3.120000 0.154267
3.130000 0.144925
3.140000 0.135998
3.150000 0.127479
3.160000 0.119358
3.170000 0.111629
3.180000 0.104281
3.190000 0.097306
3.200000 0.090693
3.210000 0.084432
3.220000 0.078511
3.230000 0.072920
3.240000 0.067647
3.250000 0.062682
3.260000 0.058011
3.270000 0.053624
3.280000 0.049509
3.290000 0.045654
3.300000 0.042048
3.310000 0.038679
3.320000 0.035536
3.330000 0.032607
3.340000 0.029882
3.350000 0.027350
3.360000 0.025000
3.370000 0.022823
3.380000 0.020809
3.390000 0.018947
3.400000 0.017229
3.410000 0.015646
3.420000 0.014190
3.430000 0.012852
3.440000 0.011624
3.450000 0.010499
3.460000 0.009470
3.470000 0.008530
3.480000 0.007672
3.490000 0.006891
3.500000 0.006180
3.510000 0.005535
3.520000 0.004949
3.530000 0.004420
3.540000 0.003941
3.550000 0.003508
3.560000 0.003119
3.570000 0.002768
3.580000 0.002453
3.590000 0.002170
3.600000 0.001917
3.610000 0.001691
3.620000 0.001489
3.630000 0.001309
3.640000 0.001149
3.650000 0.001007
3.660000 0.000881
3.670000 0.000769
3.680000 0.000671
3.690000 0.000584
3.700000 0.000507
3.710000 0.000440
3.720000 0.000381
3.730000 0.000329
3.740000 0.000284
3.750000 0.000244
3.760000 0.000210
3.770000 0.000180
3.780000 0.000154
3.790000 0.000132
3.800000 0.000112
3.810000 0.000095
3.820000 0.000081
3.830000 0.000069
3.840000 0.000058
3.850000 0.000049
3.860000 0.000041
3.870000 0.000035
3.880000 0.000029
3.890000 0.000024
3.900000 0.000020
3.910000 0.000017
3.920000 0.000014
3.930000 0.000012
3.940000 0.000010
3.950000 0.000008
3.960000 0.000006
3.970000 0.000005
3.980000 0.000004
3.990000 0.000004
4.000000 0.000003
4.010000 0.000002
4.020000 0.000002
4.030000 0.000002
4.040000 0.000001
4.050000 0.000001
4.060000 0.000001
4.070000 0.000001
4.080000 0.000001
4.090000 0.000000
4.100000 0.000000
4.110000 0.000000
4.120000 0.000000
4.130000 0.000000
4.140000 0.000000
4.150000 0.000000
4.160000 0.000000
4.170000 0.000000
4.180000 0.000000
4.190000 0.000000
4.200000 0.000000
4.210000 0.000000
4.220000 0.000000
4.230000 0.000000
4.240000 0.000000
4.250000 0.000000
4.260000 0.000000
4.270000 0.000000
4.280000 0.000000
4.290000 0.000000
4.300000 0.000000
4.310000 0.000000
4.320000 0.000000
4.330000 0.000000
4.340000 0.000000
4.350000 0.000000
4.360000 0.000000
4.370000 0.000000
4.380000 0.000000
4.390000 0.000000
4.400000 0.000000
4.410000 0.000000
4.420000 0.000000
4.430000 0.000000
4.440000 0.000000
4.450000 0.000000
4.460000 0.000000
4.470000 0.000000
4.480000 0.000000
4.490000 0.000000
4.500000 0.000000
4.510000 0.000000
4.520000 0.000000
4.530000 0.000000
4.540000 0.000000
4.550000 0.000000
4.560000 0.000000
4.570000 0.000000
4.580000 0.000000
4.590000 0.000000
4.600000 0.000000
4.610000 0.000000
4.620000 0.000000
4.630000 0.000000
4.640000 0.000000
4.650000 0.000000
4.660000 0.000000
4.670000 0.000000
4.680000 0.000000
4.690000 0.000000
4.700000 0.000000
4.710000 0.000000
4.720000 0.000000
4.730000 0.000000
4.740000 0.000000
4.750000 0.000000
4.760000 0.000000
4.770000 0.000000
4.780000 0.000000
4.790000 0.000000
4.800000 0.000000
4.810000 0.000000
4.820000 0.000000
4.830000 0.000000
4.840000 0.000000
4.850000 0.000000
4.860000 0.000000
4.870000 0.000000
4.880000 0.000000
4.890000 0.000000
4.900000 0.000000
4.910000 0.000000
4.920000 0.000000
4.930000 0.000000
4.940000 0.000000
4.950000 0.000000
4.960000 0.000000
4.970000 0.000000
4.980000 0.000000
4.990000 0.000000
5.000000 0.000000
5.010000 0.000000
5.020000 0.000000
5.030000 0.000000
5.040000 0.000000
5.050000 0.000000
5.060000 0.000000
5.070000 0.000000
5.080000 0.000000
5.090000 0.000000
5.100000 0.000000
5.110000 0.000000
5.120000 0.000000
5.130000 0.000000
5.140000 0.000000
5.150000 0.000000
5.160000 0.000000
5.170000 0.000000
5.180000 0.000000
5.190000 0.000000
5.200000 0.000000
5.210000 0.000000
5.220000 0.000000
5.230000 0.000000
5.240000 0.000000
5.250000 0.000000
5.260000 0.000000
5.270000 0.000000
5.280000 0.000000
5.290000 0.000000
5.300000 0.000000
5.310000 0.000000
5.320000 0.000000
5.330000 0.000000
5.340000 0.000000
5.350000 0.000000
5.360000 0.000000
5.370000 0.000000
5.380000 0.000000
5.390000 0.000000
5.400000 0.000000
5.410000 0.000000
5.420000 0.000000
5.430000 0.000000
5.440000 0.000000
5.450000 0.000000
5.460000 0.000000
5.470000 0.000000
5.480000 0.000000
5.490000 0.000000
5.500000 0.000000
5.510000 0.000000
5.520000 0.000000
5.530000 0.000000
5.540000 0.000000
5.550000 0.000000
5.560000 0.000000
5.570000 0.000000
5.580000 0.000000
5.590000 0.000000
5.600000 0.000000
5.610000 0.000000
5.620000 0.000000
5.630000 0.000000
5.640000 0.000000
5.650000 0.000000
5.660000 0.000000
5.670000 0.000000
5.680000 0.000000
5.690000 0.000000
5.700000 0.000000
5.710000 0.000000
5.720000 0.000000
5.730000 0.000000
5.740000 0.000000
5.750000 0.000000
5.760000 0.000000
5.770000 0.000000
5.780000 0.000000
5.790000 0.000000
5.800000 0.000000
5.810000 0.000000
5.820000 0.000000
5.830000 0.000000
5.840000 0.000000
5.850000 0.000000
5.860000 0.000000
5.870000 0.000000
5.880000 0.000000
5.890000 0.000000
5.900000 0.000000
5.910000 0.000000
5.920000 0.000001
5.930000 0.000001
5.940000 0.000001
5.950000 0.000001
5.960000 0.000001
5.970000 0.000002
5.980000 0.000002
5.990000 0.000002
6.000000 0.000003
6.010000 0.000004
6.020000 0.000004
6.030000 0.000005
6.040000 0.000006
6.050000 0.000008
6.060000 0.000010
6.070000 0.000012
6.080000 0.000014
6.090000 0.000017
6.100000 0.000020
6.110000 0.000024
6.120000 0.000029
6.130000 0.000035
6.140000 0.000041
6.150000 0.000049
6.160000 0.000058
6.170000 0.000069
6.180000 0.000081
6.190000 0.000095
6.200000 0.000112
6.210000 0.000132
6.220000 0.000154
6.230000 0.000180
6.240000 0.000210
6.250000 0.000244
6.260000 0.000284
6.270000 0.000329
6.280000 0.000381
6.290000 0.000440
6.300000 0.000507
6.310000 0.000584
6.320000 0.000671
6.330000 0.000769
6.340000 0.000881
6.350000 0.001007
6.360000 0.001149
6.370000 0.001309
6.380000 0.001489
6.390000 0.001691
6.400000 0.001917
6.410000 0.002170
6.420000 0.002453
6.430000 0.002768
6.440000 0.003119
6.450000 0.003508
6.460000 0.003941
6.470000 0.004420
6.480000 0.004949
6.490000 0.005535
6.500000 0.006180
6.510000 0.006891
6.520000 0.007672
6.530000 0.008530
6.540000 0.009470
6.550000 0.010499
6.560000 0.011624
6.570000 0.012852
6.580000 0.014190
6.590000 0.015647
6.600000 0.017229
6.610000 0.018947
6.620000 0.020809
6.630000 0.022823
6.640000 0.025000
6.650000 0.027350
6.660000 0.029882
6.670000 0.032607
6.680000 0.035536
6.690000 0.038679
6.700000 0.042048
6.710000 0.045654
6.720000 0.049509
6.730000 0.053624
6.740000 0.058011
6.750000 0.062682
6.760000 0.067648
6.770000 0.072920
6.780000 0.078511
6.790000 0.084432
6.800000 0.090693
6.810000 0.097306
6.820000 0.104282
6.830000 0.111629
6.840000 0.119359
6.850000 0.127479
6.860000 0.135999
6.870000 0.144925
6.880000 0.154267
6.890000 0.164028
6.900000 0.174215
6.910000 0.184832
6.920000 0.195882
6.930000 0.207368
6.940000 0.219290
6.950000 0.231649
6.960000 0.244442
6.970000 0.257667
6.980000 0.271320
6.990000 0.285394
7.000000 0.299883
7.010000 0.314778
7.020000 0.330067
7.030000 0.345741
7.040000 0.361783
7.050000 0.378180
7.060000 0.394913
7.070000 0.411966
7.080000 0.429316
7.090000 0.446943
7.100000 0.464821
7.110000 0.482928
7.120000 0.501234
7.130000 0.519713
7.140000 0.538334
7.150000 0.557066
7.160000 0.575877
7.170000 0.594733
7.180000 0.613598
7.190000 0.632438
7.200000 0.651214
7.210000 0.669891
7.220000 0.688427
7.230000 0.706787
7.240000 0.724927
7.250000 0.742811
7.260000 0.760397
7.270000 0.777644
7.280000 0.794514
7.290000 0.810966
7.300000 0.826962
7.310000 0.842461
7.320000 0.857426
7.330000 0.871820
7.340000 0.885607
7.350000 0.898750
7.360000 0.911218
7.370000 0.922976
7.380000 0.933996
7.390000 0.944246
7.400000 0.953701
7.410000 0.962334
7.420000 0.970123
7.430000 0.977047
7.440000 0.983086
7.450000 0.988224
7.460000 0.992448
7.470000 0.995745
7.480000 0.998107
7.490000 0.999526
7.500000 1.000000
7.510000 0.999526
7.520000 0.998107
7.530000 0.995745
7.540000 0.992448
7.550000 0.988224
7.560000 0.983086
7.570000 0.977047
7.580000 0.970123
7.590000 0.962334
7.600000 0.953701
7.610000 0.944246
7.620000 0.933996
7.630000 0.922976
7.640000 0.911218
7.650000 0.898750
7.660000 0.885607
7.670000 0.871820
7.680000 0.857426
7.690000 0.842461
7.700000 0.826962
7.710000 0.810966
7.720000 0.794514
7.730000 0.777644
7.740000 0.760397
7.750000 0.742811
7.760000 0.724927
7.770000 0.706787
7.780000 0.688427
7.790000 0.669891
7.800000 0.651214
7.810000 0.632438
7.820000 0.613598
7.830000 0.594733
7.840000 0.575877
7.850000 0.557066
7.860000 0.538334
7.870000 0.519713
7.880000 0.501234
7.890000 0.482928
7.900000 0.464821
7.910000 0.446943
7.920000 0.429316
7.930000 0.411966
7.940000 0.394913
7.950000 0.378180
7.960000 0.361783
7.970000 0.345741
7.980000 0.330067
7.990000 0.314778
8.000000 0.299883
8.010000 0.285394
8.020000 0.271319
8.030000 0.257668
8.040000 0.244442
8.050000 0.231649
8.060000 0.219290
8.070000 0.207368
8.080000 0.195882
8.090000 0.184832
8.100000 0.174215
8.110000 0.164028
8.120000 0.154267
8.130000 0.144925
8.140000 0.135998
8.150000 0.127479
8.160000 0.119359
8.170000 0.111629
8.180000 0.104281
8.190000 0.097306
8.200000 0.090693
8.210000 0.084432
8.220000 0.078511
8.230000 0.072920
8.240000 0.067648
8.250000 0.062682
8.260000 0.058011
8.270000 0.053624
8.280000 0.049509
8.290000 0.045654
8.300000 0.042048
8.310000 0.038679
8.320000 0.035536
8.330000 0.032607
8.340000 0.029882
8.350000 0.027350
8.360000 0.025000
8.370000 0.022823
8.380000 0.020809
8.390000 0.018947
8.400000 0.017229
8.410000 0.015647
8.420000 0.014190
8.430000 0.012852
8.440000 0.011624
8.450000 0.010499
8.460000 0.009470
8.470000 0.008529
8.480000 0.007672
8.490000 0.006891
8.500000 0.006180
8.510000 0.005535
8.520000 0.004949
8.530000 0.004420
8.540000 0.003941
8.550000 0.003508
8.560000 0.003119
8.570000 0.002768
8.580000 0.002453
8.590000 0.002170
8.600000 0.001917
8.610000 0.001691
8.620000 0.001489
8.630000 0.001309
8.640000 0.001149
8.650000 0.001007
8.660000 0.000881
8.670000 0.000769
8.680000 0.000671
8.690000 0.000584
8.700000 0.000507
8.710000 0.000440
8.720000 0.000381
8.730000 0.000329
8.740000 0.000284
8.750000 0.000244
8.760000 0.000210
8.770000 0.000180
8.780000 0.000154
8.790000 0.000132
8.800000 0.000112
8.810000 0.000095
8.820000 0.000081
8.830000 0.000069
8.840000 0.000058
8.850000 0.000049
8.860000 0.000041
8.870000 0.000035
8.880000 0.000029
8.890000 0.000024
8.900000 0.000020
8.910000 0.000017
8.920000 0.000014
8.930000 0.000012
8.940000 0.000010
8.950000 0.000008
8.960000 0.000006
8.970000 0.000005
8.980000 0.000004
8.990000 0.000004
9.000000 0.000003
9.010000 0.000002
9.020000 0.000002
9.030000 0.000002
9.040000 0.000001
9.050000 0.000001
9.060000 0.000001
9.070000 0.000001
9.080000 0.000001
9.090000 0.000000
9.100000 0.000000
9.110000 0.000000
9.120000 0.000000
9.130000 0.000000
9.140000 0.000000
9.150000 0.000000
9.160000 0.000000
9.170000 0.000000
9.180000 0.000000
9.190000 0.000000
9.200000 0.000000
9.210000 0.000000
9.220000 0.000000
9.230000 0.000000
9.240000 0.000000
9.250000 0.000000
9.260000 0.000000
9.270000 0.000000
9.280000 0.000000
9.290000 0.000000
9.300000 0.000000
9.310000 0.000000
9.320000 0.000000
9.330000 0.000000
9.340000 0.000000
9.350000 0.000000
9.360000 0.000000
9.370000 0.000000
9.380000 0.000000
9.390000 0.000000
9.400000 0.000000
9.410000 0.000000
9.420000 0.000000
9.430000 0.000000
9.440000 0.000000
9.450000 0.000000
9.460000 0.000000
9.470000 0.000000
9.480000 0.000000
9.490000 0.000000
9.500000 0.000000
9.510000 0.000000
9.520000 0.000000
9.530000 0.000000
9.540000 0.000000
9.550000 0.000000
9.560000 0.000000
9.570000 0.000000
9.580000 0.000000
9.590000 0.000000
9.600000 0.000000
9.610000 0.000000
9.620000 0.000000
9.630000 0.000000
9.640000 0.000000
9.650000 0.000000
9.660000 0.000000
9.670000 0.000000
9.680000 0.000000
9.690000 0.000000
9.700000 0.000000
9.710000 0.000000
9.720000 0.000000
9.730000 0.000000
9.740000 0.000000
9.750000 0.000000
9.760000 0.000000
9.770000 0.000000
9.780000 0.000000
9.790000 0.000000
9.800000 0.000000
9.810000 0.000000
9.820000 0.000000
9.830000 0.000000
9.840000 0.000000
9.850000 0.000000
9.860000 0.000000
9.870000 0.000000
9.880000 0.000000
9.890000 0.000000
9.900000 0.000000
9.910000 0.000000
9.920000 0.000000
9.930000 0.000000
9.940000 0.000000
9.950000 0.000000
9.960000 0.000000
9.970000 0.000000
9.980000 0.000000
9.990000 0.000000
10.000000 0.000000
