0.000000 0.000000
0.010000 0.000000
0.020000 0.000000
0.030000 0.000000
0.040000 0.000000
0.050000 0.000000
0.060000 0.000000
0.070000 0.000000
0.080000 0.000000
0.090000 0.000000
0.100000 0.000000
0.110000 0.000000
0.120000 0.000000
0.130000 0.000000
0.140000 0.000000
0.150000 0.000000
0.160000 0.000000
0.170000 0.000000
0.180000 0.000000
0.190000 0.000000
0.200000 0.000000
0.210000 0.000000
0.220000 0.000000
0.230000 0.000000
0.240000 0.000000
0.250000 0.000000
0.260000 0.000000
0.270000 0.000000
0.280000 0.000000
0.290000 0.000000
0.300000 0.000000
0.310000 0.000000
0.320000 0.000000
0.330000 0.000000
0.340000 0.000000
0.350000 0.000000
0.360000 0.000000
0.370000 0.000000
0.380000 0.000000
0.390000 0.000000
0.400000 0.000000
0.410000 0.000000
0.420000 0.000000
0.430000 0.000000
0.440000 0.000000
0.450000 0.000000
0.460000 0.000000
0.470000 0.000000
0.480000 0.000000
0.490000 0.000000
0.500000 0.000000
0.510000 0.000000
0.520000 0.000000
0.530000 0.000000
0.540000 0.000000
0.550000 0.000000
0.560000 0.000000
0.570000 0.000000
0.580000 0.000000
0.590000 0.000000
0.600000 0.000000
0.610000 0.000000
0.620000 0.000000
0.630000 0.000000
0.640000 0.000000
0.650000 0.000000
0.660000 0.000000
0.670000 0.000000
0.680000 0.000000
0.690000 0.000000
0.700000 0.000000
0.710000 0.000000
0.720000 0.000000
0.730000 0.000000
0.740000 0.000000
0.750000 0.000000
0.760000 0.000000
0.770000 0.000000
0.780000 0.000000
0.790000 0.000000
0.800000 0.000000
0.810000 0.000000
0.820000 0.000000
0.830000 0.000000
0.840000 0.000000
0.850000 0.000000
0.860000 0.000000
0.870000 0.000000
0.880000 0.000000
0.890000 0.000000
0.900000 0.000000
0.910000 0.000000
0.920000 0.000000
0.930000 0.000000
0.940000 0.000000
0.950000 0.000000
0.960000 0.000000
0.970000 0.000000
0.980000 0.000000
0.990000 0.000000
1.000000 0.000000
1.010000 0.000000
1.020000 0.000000
1.030000 0.000000
1.040000 0.000000
1.050000 0.000000
1.060000 0.000001
1.070000 0.000001
1.080000 0.000001
1.090000 0.000001
1.100000 0.000001
1.110000 0.000002
1.120000 0.000002
1.130000 0.000003
1.140000 0.000003
1.150000 0.000004
1.160000 0.000005
1.170000 0.000006
1.180000 0.000008
1.190000 0.000009
1.200000 0.000012
1.210000 0.000014
1.220000 0.000017
1.230000 0.000021
1.240000 0.000025
1.250000 0.000031
1.260000 0.000037
1.270000 0.000044
1.280000 0.000053
1.290000 0.000064
1.300000 0.000076
1.310000 0.000091
1.320000 0.000108
1.330000 0.000128
1.340000 0.000152
1.350000 0.000179
1.360000 0.000212
1.370000 0.000249
1.380000 0.000293
1.390000 0.000343
1.400000 0.000401
1.410000 0.000468
1.420000 0.000546
1.430000 0.000635
1.440000 0.000737
1.450000 0.000854
1.460000 0.000987
1.470000 0.001140
1.480000 0.001313
1.490000 0.001510
1.500000 0.001733
1.510000 0.001985
1.520000 0.002270
1.530000 0.002592
1.540000 0.002954
1.550000 0.003361
1.560000 0.003817
1.570000 0.004327
1.580000 0.004898
1.590000 0.005534
1.600000 0.006242
1.610000 0.007030
1.620000 0.007903
1.630000 0.008871
1.640000 0.009941
1.650000 0.011122
1.660000 0.012424
1.670000 0.013856
1.680000 0.015429
1.690000 0.017153
1.700000 0.019041
1.710000 0.021103
1.720000 0.023354
1.730000 0.025805
1.740000 0.028470
1.750000 0.031364
1.760000 0.034500
1.770000 0.037893
1.780000 0.041559
1.790000 0.045513
1.800000 0.049770
1.810000 0.054347
1.820000 0.059260
1.830000 0.064524
1.840000 0.070156
1.850000 0.076172
1.860000 0.082588
1.870000 0.089419
1.880000 0.096681
1.890000 0.104387
1.900000 0.112553
1.910000 0.121191
1.920000 0.130315
1.930000 0.139935
1.940000 0.150063
1.950000 0.160708
1.960000 0.171878
1.970000 0.183579
1.980000 0.195818
1.990000 0.208596
2.000000 0.221917
2.010000 0.235779
2.020000 0.250180
2.030000 0.265117
2.040000 0.280582
2.050000 0.296566
2.060000 0.313059
2.070000 0.330047
2.080000 0.347513
2.090000 0.365438
2.100000 0.383802
2.110000 0.402580
2.120000 0.421746
2.130000 0.441270
2.140000 0.461121
2.150000 0.481264
2.160000 0.501663
2.170000 0.522279
2.180000 0.543069
2.190000 0.563991
2.200000 0.584999
2.210000 0.606045
2.220000 0.627080
2.230000 0.648053
2.240000 0.668911
2.250000 0.689601
2.260000 0.710068
2.270000 0.730258
2.280000 0.750113
2.290000 0.769579
2.300000 0.788599
2.310000 0.807118
2.320000 0.825079
2.330000 0.842429
2.340000 0.859114
2.350000 0.875082
2.360000 0.890282
2.370000 0.904666
2.380000 0.918187
2.390000 0.930800
2.400000 0.942465
2.410000 0.953142
2.420000 0.962795
2.430000 0.971391
2.440000 0.978902
2.450000 0.985302
2.460000 0.990569
2.470000 0.994684
2.480000 0.997634
2.490000 0.999408
2.500000 1.000000
2.510000 0.999408
2.520000 0.997634
2.530000 0.994684
2.540000 0.990569
2.550000 0.985302
2.560000 0.978902
2.570000 0.971391
2.580000 0.962795
2.590000 0.953142
2.600000 0.942465
2.610000 0.930800
2.620000 0.918187
2.630000 0.904666
2.640000 0.890282
2.650000 0.875082
2.660000 0.859114
2.670000 0.842429
2.680000 0.825079
2.690000 0.807118
2.700000 0.788599
2.710000 0.769579
2.720000 0.750113
2.730000 0.730258
2.740000 0.710068
2.750000 0.689601
2.760000 0.668911
2.770000 0.648053
2.780000 0.627080
2.790000 0.606045
2.800000 0.584999
2.810000 0.563991
2.820000 0.543069
2.830000 0.522279
2.840000 0.501663
2.850000 0.481264
2.860000 0.461121
2.870000 0.441270
2.880000 0.421746
2.890000 0.402580
2.900000 0.383802
2.910000 0.365438
2.920000 0.347513
2.930000 0.330047
2.940000 0.313059
2.950000 0.296566
2.960000 0.280582
2.970000 0.265117
2.980000 0.250180
2.990000 0.235779
3.000000 0.221917
3.010000 0.208596
3.020000 0.195818
3.030000 0.183579
3.040000 0.171878
3.050000 0.160708
3.060000 0.150063
3.070000 0.139935
3.080000 0.130315
3.090000 0.121191
3.100000 0.112553
3.110000 0.104387
3.120000 0.096681
3.130000 0.089419
3.140000 0.082588
3.150000 0.076172
3.160000 0.070156
3.170000 0.064524
3.180000 0.059260
3.190000 0.054347
3.200000 0.049770
3.210000 0.045513
3.220000 0.041559
3.230000 0.037893
3.240000 0.034500
3.250000 0.031364
3.260000 0.028470
3.270000 0.025805
3.280000 0.023354
3.290000 0.021103
3.300000 0.019041
3.310000 0.017153
3.320000 0.015429
3.330000 0.013856
3.340000 0.012424
3.350000 0.011122
3.360000 0.009941
3.370000 0.008871
3.380000 0.007903
3.390000 0.007030
3.400000 0.006242
3.410000 0.005534
3.420000 0.004898
3.430000 0.004327
3.440000 0.003817
3.450000 0.003361
3.460000 0.002954
3.470000 0.002592
3.480000 0.002270
3.490000 0.001985
3.500000 0.001733
3.510000 0.001510
3.520000 0.001313
3.530000 0.001140
3.540000 0.000987
3.550000 0.000854
3.560000 0.000737
3.570000 0.000635
3.580000 0.000546
3.590000 0.000468
3.600000 0.000401
3.610000 0.000343
3.620000 0.000293
3.630000 0.000249
3.640000 0.000212
3.650000 0.000179
3.660000 0.000152
3.670000 0.000128
3.680000 0.000108
3.690000 0.000091
3.700000 0.000076
3.710000 0.000064
3.720000 0.000053
3.730000 0.000044
3.740000 0.000037
3.750000 0.000031
3.760000 0.000025
3.770000 0.000021
3.780000 0.000017
3.790000 0.000014
3.800000 0.000012
3.810000 0.000009
3.820000 0.000008
3.830000 0.000006
3.840000 0.000005
3.850000 0.000004
3.860000 0.000003
3.870000 0.000003
3.880000 0.000002
3.890000 0.000002
3.900000 0.000001
3.910000 0.000001
3.920000 0.000001
3.930000 0.000001
3.940000 0.000001
3.950000 0.000000
3.960000 0.000000
3.970000 0.000000
3.980000 0.000000
3.990000 0.000000
4.000000 0.000000
4.010000 0.000000
4.020000 0.000000
4.030000 0.000000
4.040000 0.000000
4.050000 0.000000
4.060000 0.000000
4.070000 0.000000
4.080000 0.000000
4.090000 0.000000
4.100000 0.000000
4.110000 0.000000
4.120000 0.000000
4.130000 0.000000
4.140000 0.000000
4.150000 0.000000
4.160000 0.000000
4.170000 0.000000
4.180000 0.000000
4.190000 0.000000
4.200000 0.000000
4.210000 0.000000
4.220000 0.000000
4.230000 0.000000
4.240000 0.000000
4.250000 0.000000
4.260000 0.000000
4.270000 0.000000
4.280000 0.000000
4.290000 0.000000
4.300000 0.000000
4.310000 0.000000
4.320000 0.000000
4.330000 0.000000
4.340000 0.000000
4.350000 0.000000
4.360000 0.000000
4.370000 0.000000
4.380000 0.000000
4.390000 0.000000
4.400000 0.000000
4.410000 0.000000
4.420000 0.000000
4.430000 0.000000
4.440000 0.000000
4.450000 0.000000
4.460000 0.000000
4.470000 0.000000
4.480000 0.000000
4.490000 0.000000
4.500000 0.000000
4.510000 0.000000
4.520000 0.000000
4.530000 0.000000
4.540000 0.000000
4.550000 0.000000
4.560000 0.000000
4.570000 0.000000
4.580000 0.000000
4.590000 0.000000
4.600000 0.000000
4.610000 0.000000
4.620000 0.000000
4.630000 0.000000
4.640000 0.000000
4.650000 0.000000
4.660000 0.000000
4.670000 0.000000
4.680000 0.000000
4.690000 0.000000
4.700000 0.000000
4.710000 0.000000
4.720000 0.000000
4.730000 0.000000
4.740000 0.000000
4.750000 0.000000
4.760000 0.000000
4.770000 0.000000
4.780000 0.000000
4.790000 0.000000
4.800000 0.000000
4.810000 0.000000
4.820000 0.000000
4.830000 0.000000
4.840000 0.000000
4.850000 0.000000
4.860000 0.000000
4.870000 0.000000
4.880000 0.000000
4.890000 0.000000
4.900000 0.000000
4.910000 0.000000
4.920000 0.000000
4.930000 0.000000
4.940000 0.000000
4.950000 0.000000
4.960000 0.000000
4.970000 0.000000
4.980000 0.000000
4.990000 0.000000
5.000000 0.000000
5.010000 0.000000
5.020000 0.000000
5.030000 0.000000
5.040000 0.000000
5.050000 0.000000
5.060000 0.000000
5.070000 0.000000
5.080000 0.000000
5.090000 0.000000
5.100000 0.000000
5.110000 0.000000
5.120000 0.000000
5.130000 0.000000
5.140000 0.000000
5.150000 0.000000
5.160000 0.000000
5.170000 0.000000
5.180000 0.000000
5.190000 0.000000
5.200000 0.000000
5.210000 0.000000
5.220000 0.000000
5.230000 0.000000
5.240000 0.000000
5.250000 0.000000
5.260000 0.000000
5.270000 0.000000
5.280000 0.000000
5.290000 0.000000
5.300000 0.000000
5.310000 0.000000
5.320000 0.000000
5.330000 0.000000
5.340000 0.000000
5.350000 0.000000
5.360000 0.000000
5.370000 0.000000
5.380000 0.000000
5.390000 0.000000
5.400000 0.000000
5.410000 0.000000
5.420000 0.000000
5.430000 0.000000
5.440000 0.000000
5.450000 0.000000
5.460000 0.000000
5.470000 0.000000
5.480000 0.000000
5.490000 0.000000
5.500000 0.000000
5.510000 0.000000
5.520000 0.000000
5.530000 0.000000
5.540000 0.000000
5.550000 0.000000
5.560000 0.000000
5.570000 0.000000
5.580000 0.000000
5.590000 0.000000
5.600000 0.000000
5.610000 0.000000
5.620000 0.000000
5.630000 0.000000
5.640000 0.000000
5.650000 0.000000
5.660000 0.000000
5.670000 0.000000
5.680000 0.000000
5.690000 0.000000
5.700000 0.000000
5.710000 0.000000
5.720000 0.000000
5.730000 0.000000
5.740000 0.000000
5.750000 0.000000
5.760000 0.000000
5.770000 0.000000
5.780000 0.000000
5.790000 0.000000
5.800000 0.000000
5.810000 0.000000
5.820000 0.000000
5.830000 0.000000
5.840000 0.000000
5.850000 0.000000
5.860000 0.000000
5.870000 0.000000
5.880000 0.000000
5.890000 0.000000
5.900000 0.000000
5.910000 0.000000
5.920000 0.000000
5.930000 0.000000
5.940000 0.000000
5.950000 0.000000
5.960000 0.000000
5.970000 0.000000
5.980000 0.000000
5.990000 0.000000
6.000000 0.000000
6.010000 0.000000
6.020000 0.000000
6.030000 0.000000
6.040000 0.000000
6.050000 0.000000
6.060000 0.000001
6.070000 0.000001
6.080000 0.000001
6.090000 0.000001
6.100000 0.000001
6.110000 0.000002
6.120000 0.000002
6.130000 0.000003
6.140000 0.000003
6.150000 0.000004
6.160000 0.000005
6.170000 0.000006
6.180000 0.000008
6.190000 0.000009
6.200000 0.000012
6.210000 0.000014
6.220000 0.000017
6.230000 0.000021
6.240000 0.000025
6.250000 0.000031
6.260000 0.000037
6.270000 0.000044
6.280000 0.000053
6.290000 0.000064
6.300000 0.000076
6.310000 0.000091
6.320000 0.000108
6.330000 0.000128
6.340000 0.000152
6.350000 0.000179
6.360000 0.000212
6.370000 0.000249
6.380000 0.000293
6.390000 0.000343
6.400000 0.000401
6.410000 0.000468
6.420000 0.000546
6.430000 0.000635
6.440000 0.000737
6.450000 0.000854
6.460000 0.000987
6.470000 0.001140
6.480000 0.001313
6.490000 0.001510
6.500000 0.001733
6.510000 0.001985
6.520000 0.002270
6.530000 0.002592
6.540000 0.002954
6.550000 0.003361
6.560000 0.003817
6.570000 0.004327
6.580000 0.004898
6.590000 0.005534
6.600000 0.006242
6.610000 0.007030
6.620000 0.007903
6.630000 0.008871
6.640000 0.009941
6.650000 0.011122
6.660000 0.012424
6.670000 0.013856
6.680000 0.015429
6.690000 0.017153
6.700000 0.019041
6.710000 0.021103
6.720000 0.023354
6.730000 0.025805
6.740000 0.028470
6.750000 0.031364
6.760000 0.034500
6.770000 0.037893
6.780000 0.041559
6.790000 0.045513
6.800000 0.049770
6.810000 0.054347
6.820000 0.059260
6.830000 0.064524
6.840000 0.070156
6.850000 0.076172
6.860000 0.082588
6.870000 0.089419
6.880000 0.096681
6.890000 0.104387
6.900000 0.112553
6.910000 0.121191
6.920000 0.130315
6.930000 0.139935
6.940000 0.150063
6.950000 0.160708
6.960000 0.171878
6.970000 0.183579
6.980000 0.195818
6.990000 0.208596
7.000000 0.221917
7.010000 0.235779
7.020000 0.250180
7.030000 0.265117
7.040000 0.280582
7.050000 0.296567
7.060000 0.313059
7.070000 0.330047
7.080000 0.347513
7.090000 0.365439
7.100000 0.383802
7.110000 0.402580
7.120000 0.421746
7.130000 0.441270
7.140000 0.461120
7.150000 0.481264
7.160000 0.501663
7.170000 0.522279
7.180000 0.543069
7.190000 0.563991
7.200000 0.584999
7.210000 0.606045
7.220000 0.627080
7.230000 0.648053
7.240000 0.668910
7.250000 0.689601
7.260000 0.710069
7.270000 0.730258
7.280000 0.750114
7.290000 0.769579
7.300000 0.788600
7.310000 0.807118
7.320000 0.825080
7.330000 0.842429
7.340000 0.859115
7.350000 0.875082
7.360000 0.890283
7.370000 0.904666
7.380000 0.918187
7.390000 0.930800
7.400000 0.942465
7.410000 0.953141
7.420000 0.962795
7.430000 0.971391
7.440000 0.978902
7.450000 0.985302
7.460000 0.990569
7.470000 0.994684
7.480000 0.997634
7.490000 0.999408
7.500000 1.000000
7.510000 0.999408
7.520000 0.997634
7.530000 0.994684
7.540000 0.990569
7.550000 0.985302
7.560000 0.978902
7.570000 0.971391
7.580000 0.962795
7.590000 0.953141
7.600000 0.942465
7.610000 0.930800
7.620000 0.918187
7.630000 0.904666
7.640000 0.890283
7.650000 0.875082
7.660000 0.859115
7.670000 0.842429
7.680000 0.825080
7.690000 0.807118
7.700000 0.788600
7.710000 0.769579
7.720000 0.750114
7.730000 0.730258
7.740000 0.710069
7.750000 0.689601
7.760000 0.668910
7.770000 0.648053
7.780000 0.627080
7.790000 0.606045
7.800000 0.584999
7.810000 0.563991
7.820000 0.543069
7.830000 0.522279
7.840000 0.501663
7.850000 0.481264
7.860000 0.461120
7.870000 0.441270
7.880000 0.421746
7.890000 0.402580
7.900000 0.383802
7.910000 0.365439
7.920000 0.347513
7.930000 0.330047
7.940000 0.313059
7.950000 0.296567
7.960000 0.280582
7.970000 0.265117
7.980000 0.250180
7.990000 0.235779
8.000000 0.221917
8.010000 0.208596
8.020000 0.195817
8.030000 0.183580
8.040000 0.171878
8.050000 0.160708
8.060000 0.150063
8.070000 0.139936
8.080000 0.130315
8.090000 0.121191
8.100000 0.112553
8.110000 0.104387
8.120000 0.096681
8.130000 0.089419
8.140000 0.082588
8.150000 0.076173
8.160000 0.070156
8.170000 0.064524
8.180000 0.059259
8.190000 0.054347
8.200000 0.049770
8.210000 0.045513
8.220000 0.041559
8.230000 0.037893
8.240000 0.034500
8.250000 0.031364
8.260000 0.028470
8.270000 0.025805
8.280000 0.023354
8.290000 0.021103
8.300000 0.019041
8.310000 0.017153
8.320000 0.015429
8.330000 0.013856
8.340000 0.012424
8.350000 0.011122
8.360000 0.009941
8.370000 0.008871
8.380000 0.007903
8.390000 0.007030
8.400000 0.006242
8.410000 0.005534
8.420000 0.004898
8.430000 0.004327
8.440000 0.003817
8.450000 0.003361
8.460000 0.002954
8.470000 0.002592
8.480000 0.002271
8.490000 0.001985
8.500000 0.001733
8.510000 0.001510
8.520000 0.001313
8.530000 0.001140
8.540000 0.000987
8.550000 0.000854
8.560000 0.000737
8.570000 0.000635
8.580000 0.000546
8.590000 0.000468
8.600000 0.000401
8.610000 0.000343
8.620000 0.000293
8.630000 0.000249
8.640000 0.000212
8.650000 0.000179
8.660000 0.000152
8.670000 0.000128
8.680000 0.000108
8.690000 0.000091
8.700000 0.000076
8.710000 0.000064
8.720000 0.000053
8.730000 0.000044
8.740000 0.000037
8.750000 0.000031
8.760000 0.000025
8.770000 0.000021
8.780000 0.000017
8.790000 0.000014
8.800000 0.000012
8.810000 0.000009
8.820000 0.000008
8.830000 0.000006
8.840000 0.000005
8.850000 0.000004
8.860000 0.000003
8.870000 0.000003
8.880000 0.000002
8.890000 0.000002
8.900000 0.000001
8.910000 0.000001
8.920000 0.000001
8.930000 0.000001
8.940000 0.000001
8.950000 0.000000
8.960000 0.000000
8.970000 0.000000
8.980000 0.000000
8.990000 0.000000
9.000000 0.000000
9.010000 0.000000
9.020000 0.000000
9.030000 0.000000
9.040000 0.000000
9.050000 0.000000
9.060000 0.000000
9.070000 0.000000
9.080000 0.000000
9.090000 0.000000
9.100000 0.000000
9.110000 0.000000
9.120000 0.000000
9.130000 0.000000
9.140000 0.000000
9.150000 0.000000
9.160000 0.000000
9.170000 0.000000
9.180000 0.000000
9.190000 0.000000
9.200000 0.000000
9.210000 0.000000
9.220000 0.000000
9.230000 0.000000
9.240000 0.000000
9.250000 0.000000
9.260000 0.000000
9.270000 0.000000
9.280000 0.000000
9.290000 0.000000
9.300000 0.000000
9.310000 0.000000
9.320000 0.000000
9.330000 0.000000
9.340000 0.000000
9.350000 0.000000
9.360000 0.000000
9.370000 0.000000
9.380000 0.000000
9.390000 0.000000
9.400000 0.000000
9.410000 0.000000
9.420000 0.000000
9.430000 0.000000
9.440000 0.000000
9.450000 0.000000
9.460000 0.000000
9.470000 0.000000
9.480000 0.000000
9.490000 0.000000
9.500000 0.000000
9.510000 0.000000
9.520000 0.000000
9.530000 0.000000
9.540000 0.000000
9.550000 0.000000
9.560000 0.000000
9.570000 0.000000
9.580000 0.000000
9.590000 0.000000
9.600000 0.000000
9.610000 0.000000
9.620000 0.000000
9.630000 0.000000
9.640000 0.000000
9.650000 0.000000
9.660000 0.000000
9.670000 0.000000
9.680000 0.000000
9.690000 0.000000
9.700000 0.000000
9.710000 0.000000
9.720000 0.000000
9.730000 0.000000
9.740000 0.000000
9.750000 0.000000
9.760000 0.000000
9.770000 0.000000
9.780000 0.000000
9.790000 0.000000
9.800000 0.000000
9.810000 0.000000
9.820000 0.000000
9.830000 0.000000
9.840000 0.000000
9.850000 0.000000
9.860000 0.000000
9.870000 0.000000
9.880000 0.000000
9.890000 0.000000
9.900000 0.000000
9.910000 0.000000
9.920000 0.000000
9.930000 0.000000
9.940000 0.000000
9.950000 0.000000
9.960000 0.000000
9.970000 0.000000
9.980000 0.000000
9.990000 0.000000
10.000000 0.000000
