0.000000 0.000000
0.010000 0.000000
0.020000 0.000000
0.030000 0.000000
0.040000 0.000000
0.050000 0.000000
0.060000 0.000000
0.070000 0.000000
0.080000 0.000000
0.090000 0.000000
0.100000 0.000000
0.110000 0.000000
0.120000 0.000000
0.130000 0.000000
0.140000 0.000000
0.150000 0.000000
0.160000 0.000000
0.170000 0.000000
0.180000 0.000000
0.190000 0.000000
0.200000 0.000000
0.210000 0.000000
0.220000 0.000000
0.230000 0.000000
0.240000 0.000000
0.250000 0.000000
0.260000 0.000000
0.270000 0.000000
0.280000 0.000000
0.290000 0.000000
0.300000 0.000000
0.310000 0.000000
0.320000 0.000000
0.330000 0.000000
0.340000 0.000000
0.350000 0.000000
0.360000 0.000000
0.370000 0.000000
0.380000 0.000000
0.390000 0.000000
0.400000 0.000000
0.410000 0.000000
0.420000 0.000000
0.430000 0.000000
0.440000 0.000000
0.450000 0.000000
0.460000 0.000000
0.470000 0.000000
0.480000 0.000000
0.490000 0.000000
0.500000 0.000000
0.510000 0.000000
0.520000 0.000000
0.530000 0.000000
0.540000 0.000000
0.550000 0.000000
0.560000 0.000000
0.570000 0.000000
0.580000 0.000000
0.590000 0.000000
0.600000 0.000000
0.610000 0.000000
0.620000 0.000000
0.630000 0.000000
0.640000 0.000000
0.650000 0.000000
0.660000 0.000000
0.670000 0.000000
0.680000 0.000000
0.690000 0.000000
0.700000 0.000000
0.710000 0.000001
0.720000 0.000001
0.730000 0.000001
0.740000 0.000001
0.750000 0.000001
0.760000 0.000002
0.770000 0.000002
0.780000 0.000003
0.790000 0.000003
0.800000 0.000004
0.810000 0.000005
0.820000 0.000006
0.830000 0.000007
0.840000 0.000009
0.850000 0.000010
0.860000 0.000012
0.870000 0.000015
0.880000 0.000018
0.890000 0.000021
0.900000 0.000025
0.910000 0.000029
0.920000 0.000034
0.930000 0.000041
0.940000 0.000048
0.950000 0.000056
0.960000 0.000065
0.970000 0.000076
0.980000 0.000089
0.990000 0.000103
1.000000 0.000119
1.010000 0.000138
1.020000 0.000159
1.030000 0.000184
1.040000 0.000212
1.050000 0.000243
1.060000 0.000279
1.070000 0.000319
1.080000 0.000364
1.090000 0.000416
1.100000 0.000473
1.110000 0.000538
1.120000 0.000611
1.130000 0.000692
1.140000 0.000783
1.150000 0.000885
1.160000 0.000998
1.170000 0.001124
1.180000 0.001264
1.190000 0.001420
1.200000 0.001592
1.210000 0.001782
1.220000 0.001993
1.230000 0.002225
1.240000 0.002481
1.250000 0.002762
1.260000 0.003071
1.270000 0.003411
1.280000 0.003783
1.290000 0.004190
1.300000 0.004635
1.310000 0.005121
1.320000 0.005650
1.330000 0.006227
1.340000 0.006855
1.350000 0.007536
1.360000 0.008275
1.370000 0.009076
1.380000 0.009943
1.390000 0.010880
1.400000 0.011892
1.410000 0.012984
1.420000 0.014159
1.430000 0.015424
1.440000 0.016784
1.450000 0.018244
1.460000 0.019809
1.470000 0.021486
1.480000 0.023280
1.490000 0.025197
1.500000 0.027245
1.510000 0.029428
1.520000 0.031754
1.530000 0.034230
1.540000 0.036862
1.550000 0.039656
1.560000 0.042621
1.570000 0.045763
1.580000 0.049090
1.590000 0.052607
1.600000 0.056324
1.610000 0.060246
1.620000 0.064381
1.630000 0.068736
1.640000 0.073318
1.650000 0.078134
1.660000 0.083192
1.670000 0.088497
1.680000 0.094056
1.690000 0.099876
1.700000 0.105963
1.710000 0.112323
1.720000 0.118961
1.730000 0.125882
1.740000 0.133093
1.750000 0.140597
1.760000 0.148398
1.770000 0.156501
1.780000 0.164908
1.790000 0.173623
1.800000 0.182648
1.810000 0.191984
1.820000 0.201634
1.830000 0.211597
1.840000 0.221873
1.850000 0.232462
1.860000 0.243362
1.870000 0.254572
1.880000 0.266088
1.890000 0.277907
1.900000 0.290025
1.910000 0.302436
1.920000 0.315135
1.930000 0.328115
1.940000 0.341368
1.950000 0.354885
1.960000 0.368659
1.970000 0.382678
1.980000 0.396932
1.990000 0.411409
2.000000 0.426096
2.010000 0.440980
2.020000 0.456047
2.030000 0.471282
2.040000 0.486669
2.050000 0.502191
2.060000 0.517832
2.070000 0.533572
2.080000 0.549393
2.090000 0.565277
2.100000 0.581202
2.110000 0.597149
2.120000 0.613096
2.130000 0.629022
2.140000 0.644904
2.150000 0.660720
2.160000 0.676447
2.170000 0.692061
2.180000 0.707540
2.190000 0.722860
2.200000 0.737997
2.210000 0.752927
2.220000 0.767626
2.230000 0.782070
2.240000 0.796236
2.250000 0.810100
2.260000 0.823639
2.270000 0.836829
2.280000 0.849647
2.290000 0.862072
2.300000 0.874082
2.310000 0.885654
2.320000 0.896770
2.330000 0.907407
2.340000 0.917548
2.350000 0.927173
2.360000 0.936266
2.370000 0.944808
2.380000 0.952784
2.390000 0.960179
2.400000 0.966979
2.410000 0.973171
2.420000 0.978744
2.430000 0.983687
2.440000 0.987989
2.450000 0.991645
2.460000 0.994645
2.470000 0.996984
2.480000 0.998659
2.490000 0.999664
2.500000 1.000000
2.510000 0.999664
2.520000 0.998659
2.530000 0.996984
2.540000 0.994645
2.550000 0.991645
2.560000 0.987989
2.570000 0.983687
2.580000 0.978744
2.590000 0.973171
2.600000 0.966979
2.610000 0.960179
2.620000 0.952784
2.630000 0.944808
2.640000 0.936266
2.650000 0.927173
2.660000 0.917548
2.670000 0.907407
2.680000 0.896770
2.690000 0.885654
2.700000 0.874082
2.710000 0.862072
2.720000 0.849647
2.730000 0.836829
2.740000 0.823639
2.750000 0.810100
2.760000 0.796236
2.770000 0.782070
2.780000 0.767626
2.790000 0.752927
2.800000 0.737997
2.810000 0.722860
2.820000 0.707540
2.830000 0.692061
2.840000 0.676447
2.850000 0.660720
2.860000 0.644904
2.870000 0.629022
2.880000 0.613096
2.890000 0.597149
2.900000 0.581202
2.910000 0.565277
2.920000 0.549393
2.930000 0.533572
2.940000 0.517832
2.950000 0.502191
2.960000 0.486669
2.970000 0.471282
2.980000 0.456047
2.990000 0.440980
3.000000 0.426096
3.010000 0.411409
3.020000 0.396932
3.030000 0.382678
3.040000 0.368659
3.050000 0.354885
3.060000 0.341368
3.070000 0.328115
3.080000 0.315135
3.090000 0.302436
3.100000 0.290025
3.110000 0.277907
3.120000 0.266088
3.130000 0.254572
3.140000 0.243362
3.150000 0.232462
3.160000 0.221873
3.170000 0.211597
3.180000 0.201634
3.190000 0.191984
3.200000 0.182648
3.210000 0.173623
3.220000 0.164908
3.230000 0.156501
3.240000 0.148398
3.250000 0.140597
3.260000 0.133093
3.270000 0.125882
3.280000 0.118961
3.290000 0.112323
3.300000 0.105963
3.310000 0.099876
3.320000 0.094056
3.330000 0.088497
3.340000 0.083192
3.350000 0.078134
3.360000 0.073318
3.370000 0.068736
3.380000 0.064380
3.390000 0.060246
3.400000 0.056323
3.410000 0.052607
3.420000 0.049090
3.430000 0.045763
3.440000 0.042621
3.450000 0.039656
3.460000 0.036862
3.470000 0.034230
3.480000 0.031754
3.490000 0.029428
3.500000 0.027245
3.510000 0.025197
3.520000 0.023280
3.530000 0.021486
3.540000 0.019809
3.550000 0.018244
3.560000 0.016784
3.570000 0.015424
3.580000 0.014159
3.590000 0.012984
3.600000 0.011892
3.610000 0.010880
3.620000 0.009943
3.630000 0.009076
3.640000 0.008275
3.650000 0.007536
3.660000 0.006855
3.670000 0.006227
3.680000 0.005650
3.690000 0.005121
3.700000 0.004635
3.710000 0.004190
3.720000 0.003783
3.730000 0.003411
3.740000 0.003071
3.750000 0.002762
3.760000 0.002481
3.770000 0.002225
3.780000 0.001993
3.790000 0.001782
3.800000 0.001592
3.810000 0.001420
3.820000 0.001264
3.830000 0.001124
3.840000 0.000998
3.850000 0.000885
3.860000 0.000783
3.870000 0.000692
3.880000 0.000611
3.890000 0.000538
3.900000 0.000473
3.910000 0.000416
3.920000 0.000364
3.930000 0.000319
3.940000 0.000279
3.950000 0.000243
3.960000 0.000212
3.970000 0.000184
3.980000 0.000159
3.990000 0.000138
4.000000 0.000119
4.010000 0.000103
4.020000 0.000089
4.030000 0.000076
4.040000 0.000065
4.050000 0.000056
4.060000 0.000048
4.070000 0.000041
4.080000 0.000034
4.090000 0.000029
4.100000 0.000025
4.110000 0.000021
4.120000 0.000018
4.130000 0.000015
4.140000 0.000012
4.150000 0.000010
4.160000 0.000009
4.170000 0.000007
4.180000 0.000006
4.190000 0.000005
4.200000 0.000004
4.210000 0.000003
4.220000 0.000003
4.230000 0.000002
4.240000 0.000002
4.250000 0.000001
4.260000 0.000001
4.270000 0.000001
4.280000 0.000001
4.290000 0.000001
4.300000 0.000000
4.310000 0.000000
4.320000 0.000000
4.330000 0.000000
4.340000 0.000000
4.350000 0.000000
4.360000 0.000000
4.370000 0.000000
4.380000 0.000000
4.390000 0.000000
4.400000 0.000000
4.410000 0.000000
4.420000 0.000000
4.430000 0.000000
4.440000 0.000000
4.450000 0.000000
4.460000 0.000000
4.470000 0.000000
4.480000 0.000000
4.490000 0.000000
4.500000 0.000000
4.510000 0.000000
4.520000 0.000000
4.530000 0.000000
4.540000 0.000000
4.550000 0.000000
4.560000 0.000000
4.570000 0.000000
4.580000 0.000000
4.590000 0.000000
4.600000 0.000000
4.610000 0.000000
4.620000 0.000000
4.630000 0.000000
4.640000 0.000000
4.650000 0.000000
4.660000 0.000000
4.670000 0.000000
4.680000 0.000000
4.690000 0.000000
4.700000 0.000000
4.710000 0.000000
4.720000 0.000000
4.730000 0.000000
4.740000 0.000000
4.750000 0.000000
4.760000 0.000000
4.770000 0.000000
4.780000 0.000000
4.790000 0.000000
4.800000 0.000000
4.810000 0.000000
4.820000 0.000000
4.830000 0.000000
4.840000 0.000000
4.850000 0.000000
4.860000 0.000000
4.870000 0.000000
4.880000 0.000000
4.890000 0.000000
4.900000 0.000000
4.910000 0.000000
4.920000 0.000000
4.930000 0.000000
4.940000 0.000000
4.950000 0.000000
4.960000 0.000000
4.970000 0.000000
4.980000 0.000000
4.990000 0.000000
5.000000 0.000000
5.010000 -0.000000
5.020000 -0.000000
5.030000 -0.000000
5.040000 -0.000000
5.050000 -0.000000
5.060000 -0.000000
5.070000 -0.000000
5.080000 -0.000000
5.090000 -0.000000
5.100000 -0.000000
5.110000 -0.000000
5.120000 -0.000000
5.130000 -0.000000
5.140000 -0.000000
5.150000 -0.000000
5.160000 -0.000000
5.170000 -0.000000
5.180000 -0.000000
5.190000 -0.000000
5.200000 -0.000000
5.210000 -0.000000
5.220000 -0.000000
5.230000 -0.000000
5.240000 -0.000000
5.250000 -0.000000
5.260000 -0.000000
5.270000 -0.000000
5.280000 -0.000000
5.290000 -0.000000
5.300000 -0.000000
5.310000 -0.000000
5.320000 -0.000000
5.330000 -0.000000
5.340000 -0.000000
5.350000 -0.000000
5.360000 -0.000000
5.370000 -0.000000
5.380000 -0.000000
5.390000 -0.000000
5.400000 -0.000000
5.410000 -0.000000
5.420000 -0.000000
5.430000 -0.000000
5.440000 -0.000000
5.450000 -0.000000
5.460000 -0.000000
5.470000 -0.000000
5.480000 -0.000000
5.490000 -0.000000
5.500000 -0.000000
5.510000 -0.000000
5.520000 -0.000000
5.530000 -0.000000
5.540000 -0.000000
5.550000 -0.000000
5.560000 -0.000000
5.570000 -0.000000
5.580000 -0.000000
5.590000 -0.000000
5.600000 -0.000000
5.610000 -0.000000
5.620000 -0.000000
5.630000 -0.000000
5.640000 -0.000000
5.650000 -0.000000
5.660000 -0.000000
5.670000 -0.000000
5.680000 -0.000000
5.690000 -0.000000
5.700000 -0.000000
5.710000 -0.000001
5.720000 -0.000001
5.730000 -0.000001
5.740000 -0.000001
5.750000 -0.000001
5.760000 -0.000002
5.770000 -0.000002
5.780000 -0.000003
5.790000 -0.000003
5.800000 -0.000004
5.810000 -0.000005
5.820000 -0.000006
5.830000 -0.000007
5.840000 -0.000009
5.850000 -0.000010
5.860000 -0.000012
5.870000 -0.000015
5.880000 -0.000018
5.890000 -0.000021
5.900000 -0.000025
5.910000 -0.000029
5.920000 -0.000034
5.930000 -0.000041
5.940000 -0.000048
5.950000 -0.000056
5.960000 -0.000065
5.970000 -0.000076
5.980000 -0.000089
5.990000 -0.000103
6.000000 -0.000119
6.010000 -0.000138
6.020000 -0.000159
6.030000 -0.000184
6.040000 -0.000212
6.050000 -0.000243
6.060000 -0.000279
6.070000 -0.000319
6.080000 -0.000364
6.090000 -0.000416
6.100000 -0.000473
6.110000 -0.000538
6.120000 -0.000611
6.130000 -0.000692
6.140000 -0.000783
6.150000 -0.000885
6.160000 -0.000998
6.170000 -0.001124
6.180000 -0.001264
6.190000 -0.001420
6.200000 -0.001592
6.210000 -0.001782
6.220000 -0.001993
6.230000 -0.002225
6.240000 -0.002481
6.250000 -0.002762
6.260000 -0.003071
6.270000 -0.003411
6.280000 -0.003783
6.290000 -0.004190
6.300000 -0.004635
6.310000 -0.005121
6.320000 -0.005650
6.330000 -0.006227
6.340000 -0.006855
6.350000 -0.007536
6.360000 -0.008275
6.370000 -0.009076
6.380000 -0.009943
6.390000 -0.010880
6.400000 -0.011892
6.410000 -0.012984
6.420000 -0.014159
6.430000 -0.015424
6.440000 -0.016784
6.450000 -0.018244
6.460000 -0.019809
6.470000 -0.021486
6.480000 -0.023280
6.490000 -0.025197
6.500000 -0.027245
6.510000 -0.029428
6.520000 -0.031754
6.530000 -0.034230
6.540000 -0.036862
6.550000 -0.039656
6.560000 -0.042621
6.570000 -0.045763
6.580000 -0.049090
6.590000 -0.052607
6.600000 -0.056323
6.610000 -0.060246
6.620000 -0.064380
6.630000 -0.068736
6.640000 -0.073318
6.650000 -0.078134
6.660000 -0.083191
6.670000 -0.088497
6.680000 -0.094056
6.690000 -0.099876
6.700000 -0.105963
6.710000 -0.112323
6.720000 -0.118961
6.730000 -0.125882
6.740000 -0.133093
6.750000 -0.140597
6.760000 -0.148398
6.770000 -0.156501
6.780000 -0.164908
6.790000 -0.173623
6.800000 -0.182648
6.810000 -0.191984
6.820000 -0.201634
6.830000 -0.211597
6.840000 -0.221873
6.850000 -0.232462
6.860000 -0.243363
6.870000 -0.254572
6.880000 -0.266088
6.890000 -0.277907
6.900000 -0.290025
6.910000 -0.302436
6.920000 -0.315135
6.930000 -0.328114
6.940000 -0.341368
6.950000 -0.354885
6.960000 -0.368659
6.970000 -0.382678
6.980000 -0.396932
6.990000 -0.411408
7.000000 -0.426096
7.010000 -0.440981
7.020000 -0.456047
7.030000 -0.471283
7.040000 -0.486669
7.050000 -0.502192
7.060000 -0.517832
7.070000 -0.533572
7.080000 -0.549393
7.090000 -0.565277
7.100000 -0.581202
7.110000 -0.597150
7.120000 -0.613096
7.130000 -0.629022
7.140000 -0.644904
7.150000 -0.660720
7.160000 -0.676446
7.170000 -0.692061
7.180000 -0.707540
7.190000 -0.722860
7.200000 -0.737997
7.210000 -0.752927
7.220000 -0.767626
7.230000 -0.782070
7.240000 -0.796236
7.250000 -0.810100
7.260000 -0.823639
7.270000 -0.836829
7.280000 -0.849647
7.290000 -0.862072
7.300000 -0.874082
7.310000 -0.885654
7.320000 -0.896770
7.330000 -0.907407
7.340000 -0.917548
7.350000 -0.927173
7.360000 -0.936266
7.370000 -0.944808
7.380000 -0.952784
7.390000 -0.960179
7.400000 -0.966979
7.410000 -0.973171
7.420000 -0.978744
7.430000 -0.983686
7.440000 -0.987989
7.450000 -0.991645
7.460000 -0.994645
7.470000 -0.996984
7.480000 -0.998659
7.490000 -0.999664
7.500000 -1.000000
7.510000 -0.999664
7.520000 -0.998659
7.530000 -0.996984
7.540000 -0.994645
7.550000 -0.991645
7.560000 -0.987989
7.570000 -0.983686
7.580000 -0.978744
7.590000 -0.973171
7.600000 -0.966979
7.610000 -0.960179
7.620000 -0.952784
7.630000 -0.944808
7.640000 -0.936266
7.650000 -0.927173
7.660000 -0.917548
7.670000 -0.907407
7.680000 -0.896770
7.690000 -0.885654
7.700000 -0.874082
7.710000 -0.862072
7.720000 -0.849647
7.730000 -0.836829
7.740000 -0.823639
7.750000 -0.810100
7.760000 -0.796236
7.770000 -0.782070
7.780000 -0.767626
7.790000 -0.752927
7.800000 -0.737997
7.810000 -0.722860
7.820000 -0.707540
7.830000 -0.692061
7.840000 -0.676446
7.850000 -0.660720
7.860000 -0.644904
7.870000 -0.629022
7.880000 -0.613096
7.890000 -0.597150
7.900000 -0.581202
7.910000 -0.565277
7.920000 -0.549393
7.930000 -0.533572
7.940000 -0.517832
7.950000 -0.502192
7.960000 -0.486669
7.970000 -0.471283
7.980000 -0.456047
7.990000 -0.440981
8.000000 -0.426096
8.010000 -0.411408
8.020000 -0.396931
8.030000 -0.382678
8.040000 -0.368659
8.050000 -0.354885
8.060000 -0.341367
8.070000 -0.328115
8.080000 -0.315135
8.090000 -0.302436
8.100000 -0.290025
8.110000 -0.277908
8.120000 -0.266088
8.130000 -0.254572
8.140000 -0.243362
8.150000 -0.232462
8.160000 -0.221873
8.170000 -0.211597
8.180000 -0.201634
8.190000 -0.191985
8.200000 -0.182648
8.210000 -0.173623
8.220000 -0.164908
8.230000 -0.156501
8.240000 -0.148398
8.250000 -0.140597
8.260000 -0.133093
8.270000 -0.125882
8.280000 -0.118961
8.290000 -0.112323
8.300000 -0.105963
8.310000 -0.099876
8.320000 -0.094056
8.330000 -0.088497
8.340000 -0.083191
8.350000 -0.078134
8.360000 -0.073318
8.370000 -0.068736
8.380000 -0.064380
8.390000 -0.060245
8.400000 -0.056324
8.410000 -0.052607
8.420000 -0.049090
8.430000 -0.045763
8.440000 -0.042621
8.450000 -0.039656
8.460000 -0.036862
8.470000 -0.034230
8.480000 -0.031754
8.490000 -0.029428
8.500000 -0.027245
8.510000 -0.025197
8.520000 -0.023280
8.530000 -0.021486
8.540000 -0.019809
8.550000 -0.018244
8.560000 -0.016784
8.570000 -0.015424
8.580000 -0.014159
8.590000 -0.012984
8.600000 -0.011892
8.610000 -0.010880
8.620000 -0.009943
8.630000 -0.009076
8.640000 -0.008275
8.650000 -0.007536
8.660000 -0.006855
8.670000 -0.006227
8.680000 -0.005650
8.690000 -0.005121
8.700000 -0.004635
8.710000 -0.004190
8.720000 -0.003783
8.730000 -0.003411
8.740000 -0.003071
8.750000 -0.002762
8.760000 -0.002481
8.770000 -0.002225
8.780000 -0.001993
8.790000 -0.001782
8.800000 -0.001592
8.810000 -0.001420
8.820000 -0.001264
8.830000 -0.001124
8.840000 -0.000998
8.850000 -0.000885
8.860000 -0.000783
8.870000 -0.000692
8.880000 -0.000611
8.890000 -0.000538
8.900000 -0.000473
8.910000 -0.000416
8.920000 -0.000364
8.930000 -0.000319
8.940000 -0.000279
8.950000 -0.000243
8.960000 -0.000212
8.970000 -0.000184
8.980000 -0.000159
8.990000 -0.000138
9.000000 -0.000119
9.010000 -0.000103
9.020000 -0.000089
9.030000 -0.000076
9.040000 -0.000065
9.050000 -0.000056
9.060000 -0.000048
9.070000 -0.000041
9.080000 -0.000034
9.090000 -0.000029
9.100000 -0.000025
9.110000 -0.000021
9.120000 -0.000018
9.130000 -0.000015
9.140000 -0.000012
9.150000 -0.000010
9.160000 -0.000009
9.170000 -0.000007
9.180000 -0.000006
9.190000 -0.000005
9.200000 -0.000004
9.210000 -0.000003
9.220000 -0.000003
9.230000 -0.000002
9.240000 -0.000002
9.250000 -0.000001
9.260000 -0.000001
9.270000 -0.000001
9.280000 -0.000001
9.290000 -0.000001
9.300000 -0.000000
9.310000 -0.000000
9.320000 -0.000000
9.330000 -0.000000
9.340000 -0.000000
9.350000 -0.000000
9.360000 -0.000000
9.370000 -0.000000
9.380000 -0.000000
9.390000 -0.000000
9.400000 -0.000000
9.410000 -0.000000
9.420000 -0.000000
9.430000 -0.000000
9.440000 -0.000000
9.450000 -0.000000
9.460000 -0.000000
9.470000 -0.000000
9.480000 -0.000000
9.490000 -0.000000
9.500000 -0.000000
9.510000 -0.000000
9.520000 -0.000000
9.530000 -0.000000
9.540000 -0.000000
9.550000 -0.000000
9.560000 -0.000000
9.570000 -0.000000
9.580000 -0.000000
9.590000 -0.000000
9.600000 -0.000000
9.610000 -0.000000
9.620000 -0.000000
9.630000 -0.000000
9.640000 -0.000000
9.650000 -0.000000
9.660000 -0.000000
9.670000 -0.000000
9.680000 -0.000000
9.690000 -0.000000
9.700000 -0.000000
9.710000 -0.000000
9.720000 -0.000000
9.730000 -0.000000
9.740000 -0.000000
9.750000 -0.000000
9.760000 -0.000000
9.770000 -0.000000
9.780000 -0.000000
9.790000 -0.000000
9.800000 -0.000000
9.810000 -0.000000
9.820000 -0.000000
9.830000 -0.000000
9.840000 -0.000000
9.850000 -0.000000
9.860000 -0.000000
9.870000 -0.000000
9.880000 -0.000000
9.890000 -0.000000
9.900000 -0.000000
9.910000 -0.000000
9.920000 -0.000000
9.930000 -0.000000
9.940000 -0.000000
9.950000 -0.000000
9.960000 -0.000000
9.970000 -0.000000
9.980000 -0.000000
9.990000 -0.000000
10.000000 -0.000000
