0.000000 0.000000
0.010000 0.000000
0.020000 0.000000
0.030000 0.000000
0.040000 0.000000
0.050000 0.000000
0.060000 0.000000
0.070000 0.000000
0.080000 0.000000
0.090000 0.000000
0.100000 0.000000
0.110000 0.000000
0.120000 0.000000
0.130000 0.000000
0.140000 0.000000
0.150000 0.000000
0.160000 0.000000
0.170000 0.000000
0.180000 0.000000
0.190000 0.000000
0.200000 0.000000
0.210000 0.000000
0.220000 0.000000
0.230000 0.000000
0.240000 0.000000
0.250000 0.000000
0.260000 0.000000
0.270000 0.000000
0.280000 0.000000
0.290000 0.000000
0.300000 0.000000
0.310000 0.000000
0.320000 0.000000
0.330000 0.000000
0.340000 0.000000
0.350000 0.000000
0.360000 0.000000
0.370000 0.000000
0.380000 0.000000
0.390000 0.000000
0.400000 0.000000
0.410000 0.000000
0.420000 0.000000
0.430000 0.000000
0.440000 0.000000
0.450000 0.000000
0.460000 0.000000
0.470000 0.000000
0.480000 0.000000
0.490000 0.000000
0.500000 0.000000
0.510000 0.000000
0.520000 0.000000
0.530000 0.000000
0.540000 0.000000
0.550000 0.000000
0.560000 0.000000
0.570000 0.000000
0.580000 0.000000
0.590000 0.000000
0.600000 0.000000
0.610000 0.000000
0.620000 0.000000
0.630000 0.000000
0.640000 0.000000
0.650000 0.000000
0.660000 0.000000
0.670000 0.000001
0.680000 0.000001
0.690000 0.000001
0.700000 0.000001
0.710000 0.000001
0.720000 0.000002
0.730000 0.000002
0.740000 0.000003
0.750000 0.000003
0.760000 0.000004
0.770000 0.000005
0.780000 0.000006
0.790000 0.000007
0.800000 0.000008
0.810000 0.000010
0.820000 0.000012
0.830000 0.000014
0.840000 0.000017
0.850000 0.000020
0.860000 0.000024
0.870000 0.000028
0.880000 0.000033
0.890000 0.000039
0.900000 0.000046
0.910000 0.000054
0.920000 0.000063
0.930000 0.000074
0.940000 0.000086
0.950000 0.000099
0.960000 0.000115
0.970000 0.000133
0.980000 0.000153
0.990000 0.000177
1.000000 0.000203
1.010000 0.000233
1.020000 0.000267
1.030000 0.000305
1.040000 0.000348
1.050000 0.000397
1.060000 0.000451
1.070000 0.000512
1.080000 0.000581
1.090000 0.000657
1.100000 0.000743
1.110000 0.000838
1.120000 0.000944
1.130000 0.001062
1.140000 0.001193
1.150000 0.001338
1.160000 0.001499
1.170000 0.001676
1.180000 0.001872
1.190000 0.002088
1.200000 0.002325
1.210000 0.002586
1.220000 0.002873
1.230000 0.003187
1.240000 0.003530
1.250000 0.003906
1.260000 0.004317
1.270000 0.004764
1.280000 0.005252
1.290000 0.005782
1.300000 0.006358
1.310000 0.006984
1.320000 0.007662
1.330000 0.008395
1.340000 0.009189
1.350000 0.010046
1.360000 0.010971
1.370000 0.011968
1.380000 0.013041
1.390000 0.014195
1.400000 0.015434
1.410000 0.016764
1.420000 0.018189
1.430000 0.019714
1.440000 0.021346
1.450000 0.023089
1.460000 0.024948
1.470000 0.026931
1.480000 0.029043
1.490000 0.031289
1.500000 0.033676
1.510000 0.036210
1.520000 0.038898
1.530000 0.041746
1.540000 0.044760
1.550000 0.047947
1.560000 0.051314
1.570000 0.054867
1.580000 0.058612
1.590000 0.062557
1.600000 0.066708
1.610000 0.071071
1.620000 0.075653
1.630000 0.080461
1.640000 0.085499
1.650000 0.090775
1.660000 0.096295
1.670000 0.102064
1.680000 0.108087
1.690000 0.114371
1.700000 0.120920
1.710000 0.127739
1.720000 0.134832
1.730000 0.142203
1.740000 0.149856
1.750000 0.157795
1.760000 0.166023
1.770000 0.174541
1.780000 0.183352
1.790000 0.192458
1.800000 0.201859
1.810000 0.211557
1.820000 0.221550
1.830000 0.231838
1.840000 0.242420
1.850000 0.253294
1.860000 0.264458
1.870000 0.275907
1.880000 0.287639
1.890000 0.299648
1.900000 0.311930
1.910000 0.324478
1.920000 0.337285
1.930000 0.350344
1.940000 0.363647
1.950000 0.377184
1.960000 0.390947
1.970000 0.404923
1.980000 0.419103
1.990000 0.433474
2.000000 0.448024
2.010000 0.462739
2.020000 0.477604
2.030000 0.492606
2.040000 0.507729
2.050000 0.522956
2.060000 0.538271
2.070000 0.553656
2.080000 0.569095
2.090000 0.584567
2.100000 0.600054
2.110000 0.615537
2.120000 0.630996
2.130000 0.646411
2.140000 0.661761
2.150000 0.677025
2.160000 0.692181
2.170000 0.707209
2.180000 0.722087
2.190000 0.736793
2.200000 0.751305
2.210000 0.765601
2.220000 0.779661
2.230000 0.793461
2.240000 0.806981
2.250000 0.820198
2.260000 0.833093
2.270000 0.845643
2.280000 0.857830
2.290000 0.869631
2.300000 0.881029
2.310000 0.892003
2.320000 0.902536
2.330000 0.912609
2.340000 0.922204
2.350000 0.931307
2.360000 0.939900
2.370000 0.947968
2.380000 0.955498
2.390000 0.962477
2.400000 0.968891
2.410000 0.974729
2.420000 0.979982
2.430000 0.984639
2.440000 0.988692
2.450000 0.992134
2.460000 0.994959
2.470000 0.997161
2.480000 0.998737
2.490000 0.999684
2.500000 1.000000
2.510000 0.999684
2.520000 0.998737
2.530000 0.997161
2.540000 0.994959
2.550000 0.992134
2.560000 0.988692
2.570000 0.984639
2.580000 0.979982
2.590000 0.974729
2.600000 0.968891
2.610000 0.962477
2.620000 0.955498
2.630000 0.947968
2.640000 0.939900
2.650000 0.931307
2.660000 0.922204
2.670000 0.912609
2.680000 0.902536
2.690000 0.892003
2.700000 0.881029
2.710000 0.869631
2.720000 0.857830
2.730000 0.845643
2.740000 0.833093
2.750000 0.820198
2.760000 0.806981
2.770000 0.793461
2.780000 0.779661
2.790000 0.765601
2.800000 0.751305
2.810000 0.736793
2.820000 0.722087
2.830000 0.707209
2.840000 0.692181
2.850000 0.677025
2.860000 0.661761
2.870000 0.646411
2.880000 0.630996
2.890000 0.615537
2.900000 0.600054
2.910000 0.584567
2.920000 0.569095
2.930000 0.553656
2.940000 0.538271
2.950000 0.522956
2.960000 0.507729
2.970000 0.492606
2.980000 0.477604
2.990000 0.462739
3.000000 0.448024
3.010000 0.433474
3.020000 0.419103
3.030000 0.404923
3.040000 0.390947
3.050000 0.377184
3.060000 0.363647
3.070000 0.350344
3.080000 0.337285
3.090000 0.324478
3.100000 0.311930
3.110000 0.299648
3.120000 0.287639
3.130000 0.275907
3.140000 0.264458
3.150000 0.253294
3.160000 0.242420
3.170000 0.231838
3.180000 0.221550
3.190000 0.211557
3.200000 0.201859
3.210000 0.192458
3.220000 0.183352
3.230000 0.174541
3.240000 0.166023
3.250000 0.157795
3.260000 0.149856
3.270000 0.142203
3.280000 0.134832
3.290000 0.127739
3.300000 0.120920
3.310000 0.114371
3.320000 0.108088
3.330000 0.102064
3.340000 0.096295
3.350000 0.090775
3.360000 0.085499
3.370000 0.080461
3.380000 0.075653
3.390000 0.071071
3.400000 0.066708
3.410000 0.062557
3.420000 0.058612
3.430000 0.054867
3.440000 0.051314
3.450000 0.047947
3.460000 0.044760
3.470000 0.041746
3.480000 0.038898
3.490000 0.036210
3.500000 0.033676
3.510000 0.031289
3.520000 0.029043
3.530000 0.026931
3.540000 0.024948
3.550000 0.023089
3.560000 0.021346
3.570000 0.019714
3.580000 0.018189
3.590000 0.016764
3.600000 0.015434
3.610000 0.014195
3.620000 0.013041
3.630000 0.011968
3.640000 0.010971
3.650000 0.010046
3.660000 0.009189
3.670000 0.008395
3.680000 0.007662
3.690000 0.006984
3.700000 0.006358
3.710000 0.005782
3.720000 0.005252
3.730000 0.004764
3.740000 0.004317
3.750000 0.003906
3.760000 0.003530
3.770000 0.003187
3.780000 0.002873
3.790000 0.002586
3.800000 0.002325
3.810000 0.002088
3.820000 0.001872
3.830000 0.001676
3.840000 0.001499
3.850000 0.001338
3.860000 0.001193
3.870000 0.001062
3.880000 0.000944
3.890000 0.000838
3.900000 0.000743
3.910000 0.000657
3.920000 0.000581
3.930000 0.000512
3.940000 0.000451
3.950000 0.000397
3.960000 0.000348
3.970000 0.000305
3.980000 0.000267
3.990000 0.000233
4.000000 0.000203
4.010000 0.000177
4.020000 0.000153
4.030000 0.000133
4.040000 0.000115
4.050000 0.000099
4.060000 0.000086
4.070000 0.000074
4.080000 0.000063
4.090000 0.000054
4.100000 0.000046
4.110000 0.000039
4.120000 0.000033
4.130000 0.000028
4.140000 0.000024
4.150000 0.000020
4.160000 0.000017
4.170000 0.000014
4.180000 0.000012
4.190000 0.000010
4.200000 0.000008
4.210000 0.000007
4.220000 0.000006
4.230000 0.000005
4.240000 0.000004
4.250000 0.000003
4.260000 0.000003
4.270000 0.000002
4.280000 0.000002
4.290000 0.000001
4.300000 0.000001
4.310000 0.000001
4.320000 0.000001
4.330000 0.000001
4.340000 0.000000
4.350000 0.000000
4.360000 0.000000
4.370000 0.000000
4.380000 0.000000
4.390000 0.000000
4.400000 0.000000
4.410000 0.000000
4.420000 0.000000
4.430000 0.000000
4.440000 0.000000
4.450000 0.000000
4.460000 0.000000
4.470000 0.000000
4.480000 0.000000
4.490000 0.000000
4.500000 0.000000
4.510000 0.000000
4.520000 0.000000
4.530000 0.000000
4.540000 0.000000
4.550000 0.000000
4.560000 0.000000
4.570000 0.000000
4.580000 0.000000
4.590000 0.000000
4.600000 0.000000
4.610000 0.000000
4.620000 0.000000
4.630000 0.000000
4.640000 0.000000
4.650000 0.000000
4.660000 0.000000
4.670000 0.000000
4.680000 0.000000
4.690000 0.000000
4.700000 0.000000
4.710000 0.000000
4.720000 0.000000
4.730000 0.000000
4.740000 0.000000
4.750000 0.000000
4.760000 0.000000
4.770000 0.000000
4.780000 0.000000
4.790000 0.000000
4.800000 0.000000
4.810000 0.000000
4.820000 0.000000
4.830000 0.000000
4.840000 0.000000
4.850000 0.000000
4.860000 0.000000
4.870000 0.000000
4.880000 0.000000
4.890000 0.000000
4.900000 0.000000
4.910000 0.000000
4.920000 0.000000
4.930000 0.000000
4.940000 0.000000
4.950000 0.000000
4.960000 0.000000
4.970000 0.000000
4.980000 0.000000
4.990000 0.000000
5.000000 0.000000
5.010000 0.000000
5.020000 0.000000
5.030000 0.000000
5.040000 0.000000
5.050000 0.000000
5.060000 0.000000
5.070000 0.000000
5.080000 0.000000
5.090000 0.000000
5.100000 0.000000
5.110000 0.000000
5.120000 0.000000
5.130000 0.000000
5.140000 0.000000
5.150000 0.000000
5.160000 0.000000
5.170000 0.000000
5.180000 0.000000
5.190000 0.000000
5.200000 0.000000
5.210000 0.000000
5.220000 0.000000
5.230000 0.000000
5.240000 0.000000
5.250000 0.000000
5.260000 0.000000
5.270000 0.000000
5.280000 0.000000
5.290000 0.000000
5.300000 0.000000
5.310000 0.000000
5.320000 0.000000
5.330000 0.000000
5.340000 0.000000
5.350000 0.000000
5.360000 0.000000
5.370000 0.000000
5.380000 0.000000
5.390000 0.000000
5.400000 0.000000
5.410000 0.000000
5.420000 0.000000
5.430000 0.000000
5.440000 0.000000
5.450000 0.000000
5.460000 0.000000
5.470000 0.000000
5.480000 0.000000
5.490000 0.000000
5.500000 0.000000
5.510000 0.000000
5.520000 0.000000
5.530000 0.000000
5.540000 0.000000
5.550000 0.000000
5.560000 0.000000
5.570000 0.000000
5.580000 0.000000
5.590000 0.000000
5.600000 0.000000
5.610000 0.000000
5.620000 0.000000
5.630000 0.000000
5.640000 0.000000
5.650000 0.000000
5.660000 0.000000
5.670000 0.000001
5.680000 0.000001
5.690000 0.000001
5.700000 0.000001
5.710000 0.000001
5.720000 0.000002
5.730000 0.000002
5.740000 0.000003
5.750000 0.000003
5.760000 0.000004
5.770000 0.000005
5.780000 0.000006
5.790000 0.000007
5.800000 0.000008
5.810000 0.000010
5.820000 0.000012
5.830000 0.000014
5.840000 0.000017
5.850000 0.000020
5.860000 0.000024
5.870000 0.000028
5.880000 0.000033
5.890000 0.000039
5.900000 0.000046
5.910000 0.000054
5.920000 0.000063
5.930000 0.000074
5.940000 0.000086
5.950000 0.000099
5.960000 0.000115
5.970000 0.000133
5.980000 0.000153
5.990000 0.000177
6.000000 0.000203
6.010000 0.000233
6.020000 0.000267
6.030000 0.000305
6.040000 0.000348
6.050000 0.000397
6.060000 0.000451
6.070000 0.000512
6.080000 0.000581
6.090000 0.000657
6.100000 0.000743
6.110000 0.000838
6.120000 0.000944
6.130000 0.001062
6.140000 0.001193
6.150000 0.001338
6.160000 0.001499
6.170000 0.001676
6.180000 0.001872
6.190000 0.002088
6.200000 0.002325
6.210000 0.002586
6.220000 0.002873
6.230000 0.003187
6.240000 0.003530
6.250000 0.003906
6.260000 0.004317
6.270000 0.004764
6.280000 0.005252
6.290000 0.005782
6.300000 0.006358
6.310000 0.006984
6.320000 0.007662
6.330000 0.008395
6.340000 0.009189
6.350000 0.010046
6.360000 0.010971
6.370000 0.011968
6.380000 0.013041
6.390000 0.014195
6.400000 0.015434
6.410000 0.016764
6.420000 0.018189
6.430000 0.019714
6.440000 0.021346
6.450000 0.023089
6.460000 0.024948
6.470000 0.026931
6.480000 0.029043
6.490000 0.031289
6.500000 0.033676
6.510000 0.036211
6.520000 0.038898
6.530000 0.041746
6.540000 0.044760
6.550000 0.047947
6.560000 0.051314
6.570000 0.054867
6.580000 0.058612
6.590000 0.062557
6.600000 0.066708
6.610000 0.071071
6.620000 0.075653
6.630000 0.080461
6.640000 0.085499
6.650000 0.090775
6.660000 0.096295
6.670000 0.102064
6.680000 0.108087
6.690000 0.114371
6.700000 0.120920
6.710000 0.127739
6.720000 0.134831
6.730000 0.142203
6.740000 0.149856
6.750000 0.157795
6.760000 0.166023
6.770000 0.174541
6.780000 0.183353
6.790000 0.192458
6.800000 0.201860
6.810000 0.211557
6.820000 0.221550
6.830000 0.231838
6.840000 0.242420
6.850000 0.253294
6.860000 0.264458
6.870000 0.275907
6.880000 0.287639
6.890000 0.299648
6.900000 0.311930
6.910000 0.324477
6.920000 0.337285
6.930000 0.350344
6.940000 0.363647
6.950000 0.377184
6.960000 0.390947
6.970000 0.404923
6.980000 0.419103
6.990000 0.433474
7.000000 0.448024
7.010000 0.462739
7.020000 0.477604
7.030000 0.492607
7.040000 0.507729
7.050000 0.522956
7.060000 0.538271
7.070000 0.553657
7.080000 0.569095
7.090000 0.584567
7.100000 0.600054
7.110000 0.615538
7.120000 0.630996
7.130000 0.646411
7.140000 0.661761
7.150000 0.677025
7.160000 0.692181
7.170000 0.707209
7.180000 0.722086
7.190000 0.736793
7.200000 0.751304
7.210000 0.765601
7.220000 0.779660
7.230000 0.793461
7.240000 0.806980
7.250000 0.820198
7.260000 0.833093
7.270000 0.845643
7.280000 0.857830
7.290000 0.869631
7.300000 0.881029
7.310000 0.892003
7.320000 0.902536
7.330000 0.912609
7.340000 0.922205
7.350000 0.931307
7.360000 0.939900
7.370000 0.947968
7.380000 0.955498
7.390000 0.962476
7.400000 0.968891
7.410000 0.974729
7.420000 0.979982
7.430000 0.984639
7.440000 0.988692
7.450000 0.992134
7.460000 0.994959
7.470000 0.997161
7.480000 0.998737
7.490000 0.999684
7.500000 1.000000
7.510000 0.999684
7.520000 0.998737
7.530000 0.997161
7.540000 0.994959
7.550000 0.992134
7.560000 0.988692
7.570000 0.984639
7.580000 0.979982
7.590000 0.974729
7.600000 0.968891
7.610000 0.962476
7.620000 0.955498
7.630000 0.947968
7.640000 0.939900
7.650000 0.931307
7.660000 0.922205
7.670000 0.912609
7.680000 0.902536
7.690000 0.892003
7.700000 0.881029
7.710000 0.869631
7.720000 0.857830
7.730000 0.845643
7.740000 0.833093
7.750000 0.820198
7.760000 0.806980
7.770000 0.793461
7.780000 0.779660
7.790000 0.765601
7.800000 0.751304
7.810000 0.736793
7.820000 0.722086
7.830000 0.707209
7.840000 0.692181
7.850000 0.677025
7.860000 0.661761
7.870000 0.646411
7.880000 0.630996
7.890000 0.615538
7.900000 0.600054
7.910000 0.584567
7.920000 0.569095
7.930000 0.553657
7.940000 0.538271
7.950000 0.522956
7.960000 0.507729
7.970000 0.492607
7.980000 0.477604
7.990000 0.462739
8.000000 0.448024
8.010000 0.433474
8.020000 0.419103
8.030000 0.404924
8.040000 0.390947
8.050000 0.377184
8.060000 0.363646
8.070000 0.350344
8.080000 0.337285
8.090000 0.324477
8.100000 0.311929
8.110000 0.299649
8.120000 0.287639
8.130000 0.275907
8.140000 0.264457
8.150000 0.253295
8.160000 0.242420
8.170000 0.231838
8.180000 0.221550
8.190000 0.211557
8.200000 0.201860
8.210000 0.192458
8.220000 0.183352
8.230000 0.174542
8.240000 0.166023
8.250000 0.157795
8.260000 0.149856
8.270000 0.142202
8.280000 0.134832
8.290000 0.127739
8.300000 0.120920
8.310000 0.114371
8.320000 0.108088
8.330000 0.102064
8.340000 0.096295
8.350000 0.090775
8.360000 0.085499
8.370000 0.080461
8.380000 0.075653
8.390000 0.071071
8.400000 0.066708
8.410000 0.062557
8.420000 0.058612
8.430000 0.054867
8.440000 0.051314
8.450000 0.047947
8.460000 0.044760
8.470000 0.041746
8.480000 0.038898
8.490000 0.036211
8.500000 0.033676
8.510000 0.031289
8.520000 0.029043
8.530000 0.026931
8.540000 0.024948
8.550000 0.023089
8.560000 0.021346
8.570000 0.019714
8.580000 0.018189
8.590000 0.016764
8.600000 0.015434
8.610000 0.014195
8.620000 0.013041
8.630000 0.011968
8.640000 0.010971
8.650000 0.010046
8.660000 0.009189
8.670000 0.008395
8.680000 0.007662
8.690000 0.006984
8.700000 0.006358
8.710000 0.005782
8.720000 0.005252
8.730000 0.004764
8.740000 0.004317
8.750000 0.003906
8.760000 0.003530
8.770000 0.003187
8.780000 0.002873
8.790000 0.002586
8.800000 0.002325
8.810000 0.002088
8.820000 0.001872
8.830000 0.001676
8.840000 0.001499
8.850000 0.001338
8.860000 0.001193
8.870000 0.001062
8.880000 0.000944
8.890000 0.000838
8.900000 0.000743
8.910000 0.000657
8.920000 0.000581
8.930000 0.000512
8.940000 0.000451
8.950000 0.000397
8.960000 0.000348
8.970000 0.000305
8.980000 0.000267
8.990000 0.000233
9.000000 0.000203
9.010000 0.000177
9.020000 0.000153
9.030000 0.000133
9.040000 0.000115
9.050000 0.000099
9.060000 0.000086
9.070000 0.000074
9.080000 0.000063
9.090000 0.000054
9.100000 0.000046
9.110000 0.000039
9.120000 0.000033
9.130000 0.000028
9.140000 0.000024
9.150000 0.000020
9.160000 0.000017
9.170000 0.000014
9.180000 0.000012
9.190000 0.000010
9.200000 0.000008
9.210000 0.000007
9.220000 0.000006
9.230000 0.000005
9.240000 0.000004
9.250000 0.000003
9.260000 0.000003
9.270000 0.000002
9.280000 0.000002
9.290000 0.000001
9.300000 0.000001
9.310000 0.000001
9.320000 0.000001
9.330000 0.000001
9.340000 0.000000
9.350000 0.000000
9.360000 0.000000
9.370000 0.000000
9.380000 0.000000
9.390000 0.000000
9.400000 0.000000
9.410000 0.000000
9.420000 0.000000
9.430000 0.000000
9.440000 0.000000
9.450000 0.000000
9.460000 0.000000
9.470000 0.000000
9.480000 0.000000
9.490000 0.000000
9.500000 0.000000
9.510000 0.000000
9.520000 0.000000
9.530000 0.000000
9.540000 0.000000
9.550000 0.000000
9.560000 0.000000
9.570000 0.000000
9.580000 0.000000
9.590000 0.000000
9.600000 0.000000
9.610000 0.000000
9.620000 0.000000
9.630000 0.000000
9.640000 0.000000
9.650000 0.000000
9.660000 0.000000
9.670000 0.000000
9.680000 0.000000
9.690000 0.000000
9.700000 0.000000
9.710000 0.000000
9.720000 0.000000
9.730000 0.000000
9.740000 0.000000
9.750000 0.000000
9.760000 0.000000
9.770000 0.000000
9.780000 0.000000
9.790000 0.000000
9.800000 0.000000
9.810000 0.000000
9.820000 0.000000
9.830000 0.000000
9.840000 0.000000
9.850000 0.000000
9.860000 0.000000
9.870000 0.000000
9.880000 0.000000
9.890000 0.000000
9.900000 0.000000
9.910000 0.000000
9.920000 0.000000
9.930000 0.000000
9.940000 0.000000
9.950000 0.000000
9.960000 0.000000
9.970000 0.000000
9.980000 0.000000
9.990000 0.000000
10.000000 0.000000
