0.000000 0.000000
0.010000 0.000000
0.020000 0.000000
0.030000 0.000000
0.040000 0.000000
0.050000 0.000000
0.060000 0.000000
0.070000 0.000000
0.080000 0.000000
0.090000 0.000000
0.100000 0.000000
0.110000 0.000000
0.120000 0.000000
0.130000 0.000000
0.140000 0.000000
0.150000 0.000000
0.160000 0.000000
0.170000 0.000000
0.180000 0.000000
0.190000 0.000000
0.200000 0.000000
0.210000 0.000000
0.220000 0.000000
0.230000 0.000000
0.240000 0.000000
0.250000 0.000000
0.260000 0.000000
0.270000 0.000000
0.280000 0.000000
0.290000 0.000000
0.300000 0.000000
0.310000 0.000000
0.320000 0.000000
0.330000 0.000000
0.340000 0.000000
0.350000 0.000000
0.360000 0.000000
0.370000 0.000000
0.380000 0.000000
0.390000 0.000000
0.400000 0.000000
0.410000 0.000000
0.420000 0.000000
0.430000 0.000000
0.440000 0.000000
0.450000 0.000000
0.460000 0.000000
0.470000 0.000000
0.480000 0.000000
0.490000 0.000000
0.500000 0.000000
0.510000 0.000000
0.520000 0.000000
0.530000 0.000000
0.540000 0.000000
0.550000 0.000000
0.560000 0.000000
0.570000 0.000000
0.580000 0.000000
0.590000 0.000000
0.600000 0.000000
0.610000 0.000000
0.620000 0.000000
0.630000 0.000000
0.640000 0.000000
0.650000 0.000000
0.660000 0.000000
0.670000 0.000000
0.680000 0.000000
0.690000 0.000000
0.700000 0.000000
0.710000 0.000000
0.720000 0.000000
0.730000 0.000000
0.740000 0.000000
0.750000 0.000000
0.760000 0.000000
0.770000 0.000000
0.780000 0.000000
0.790000 0.000000
0.800000 0.000000
0.810000 0.000000
0.820000 0.000000
0.830000 0.000000
0.840000 0.000000
0.850000 0.000000
0.860000 0.000000
0.870000 0.000000
0.880000 0.000000
0.890000 0.000000
0.900000 0.000000
0.910000 0.000000
0.920000 0.000000
0.930000 0.000000
0.940000 0.000000
0.950000 0.000000
0.960000 0.000000
0.970000 0.000000
0.980000 0.000000
0.990000 0.000000
1.000000 0.000000
1.010000 0.000000
1.020000 0.000000
1.030000 0.000000
1.040000 0.000000
1.050000 0.000000
1.060000 0.000000
1.070000 0.000000
1.080000 0.000000
1.090000 0.000000
1.100000 0.000000
1.110000 0.000000
1.120000 0.000000
1.130000 0.000000
1.140000 0.000000
1.150000 0.000000
1.160000 0.000000
1.170000 0.000000
1.180000 0.000000
1.190000 0.000000
1.200000 0.000000
1.210000 0.000000
1.220000 0.000000
1.230000 0.000000
1.240000 0.000000
1.250000 0.000000
1.260000 0.000001
1.270000 0.000001
1.280000 0.000001
1.290000 0.000001
1.300000 0.000002
1.310000 0.000002
1.320000 0.000003
1.330000 0.000004
1.340000 0.000005
1.350000 0.000006
1.360000 0.000007
1.370000 0.000009
1.380000 0.000011
1.390000 0.000014
1.400000 0.000018
1.410000 0.000022
1.420000 0.000027
1.430000 0.000033
1.440000 0.000041
1.450000 0.000051
1.460000 0.000062
1.470000 0.000076
1.480000 0.000092
1.490000 0.000112
1.500000 0.000136
1.510000 0.000165
1.520000 0.000199
1.530000 0.000239
1.540000 0.000287
1.550000 0.000344
1.560000 0.000412
1.570000 0.000491
1.580000 0.000583
1.590000 0.000692
1.600000 0.000819
1.610000 0.000968
1.620000 0.001140
1.630000 0.001340
1.640000 0.001572
1.650000 0.001839
1.660000 0.002148
1.670000 0.002502
1.680000 0.002908
1.690000 0.003374
1.700000 0.003904
1.710000 0.004509
1.720000 0.005196
1.730000 0.005976
1.740000 0.006857
1.750000 0.007852
1.760000 0.008973
1.770000 0.010232
1.780000 0.011645
1.790000 0.013225
1.800000 0.014988
1.810000 0.016953
1.820000 0.019137
1.830000 0.021558
1.840000 0.024238
1.850000 0.027197
1.860000 0.030457
1.870000 0.034041
1.880000 0.037973
1.890000 0.042277
1.900000 0.046979
1.910000 0.052103
1.920000 0.057676
1.930000 0.063723
1.940000 0.070272
1.950000 0.077349
1.960000 0.084978
1.970000 0.093187
1.980000 0.101998
1.990000 0.111437
2.000000 0.121525
2.010000 0.132284
2.020000 0.143732
2.030000 0.155888
2.040000 0.168765
2.050000 0.182377
2.060000 0.196733
2.070000 0.211839
2.080000 0.227698
2.090000 0.244309
2.100000 0.261668
2.110000 0.279765
2.120000 0.298587
2.130000 0.318117
2.140000 0.338330
2.150000 0.359200
2.160000 0.380695
2.170000 0.402776
2.180000 0.425400
2.190000 0.448520
2.200000 0.472082
2.210000 0.496029
2.220000 0.520298
2.230000 0.544822
2.240000 0.569529
2.250000 0.594343
2.260000 0.619185
2.270000 0.643971
2.280000 0.668617
2.290000 0.693034
2.300000 0.717132
2.310000 0.740818
2.320000 0.764001
2.330000 0.786587
2.340000 0.808484
2.350000 0.829599
2.360000 0.849843
2.370000 0.869128
2.380000 0.887368
2.390000 0.904481
2.400000 0.920389
2.410000 0.935019
2.420000 0.948303
2.430000 0.960178
2.440000 0.970589
2.450000 0.979484
2.460000 0.986821
2.470000 0.992566
2.480000 0.996689
2.490000 0.999171
2.500000 1.000000
2.510000 0.999171
2.520000 0.996689
2.530000 0.992566
2.540000 0.986821
2.550000 0.979484
2.560000 0.970589
2.570000 0.960178
2.580000 0.948303
2.590000 0.935019
2.600000 0.920389
2.610000 0.904481
2.620000 0.887368
2.630000 0.869128
2.640000 0.849843
2.650000 0.829599
2.660000 0.808484
2.670000 0.786587
2.680000 0.764001
2.690000 0.740818
2.700000 0.717132
2.710000 0.693034
2.720000 0.668617
2.730000 0.643971
2.740000 0.619185
2.750000 0.594343
2.760000 0.569529
2.770000 0.544822
2.780000 0.520298
2.790000 0.496029
2.800000 0.472082
2.810000 0.448520
2.820000 0.425400
2.830000 0.402776
2.840000 0.380695
2.850000 0.359200
2.860000 0.338330
2.870000 0.318117
2.880000 0.298587
2.890000 0.279765
2.900000 0.261668
2.910000 0.244309
2.920000 0.227698
2.930000 0.211839
2.940000 0.196733
2.950000 0.182377
2.960000 0.168765
2.970000 0.155888
2.980000 0.143732
2.990000 0.132284
3.000000 0.121525
3.010000 0.111437
3.020000 0.101998
3.030000 0.093187
3.040000 0.084978
3.050000 0.077349
3.060000 0.070272
3.070000 0.063723
3.080000 0.057676
3.090000 0.052103
3.100000 0.046979
3.110000 0.042277
3.120000 0.037973
3.130000 0.034041
3.140000 0.030457
3.150000 0.027197
3.160000 0.024238
3.170000 0.021558
3.180000 0.019136
3.190000 0.016953
3.200000 0.014988
3.210000 0.013225
3.220000 0.011645
3.230000 0.010232
3.240000 0.008973
3.250000 0.007852
3.260000 0.006857
3.270000 0.005976
3.280000 0.005196
3.290000 0.004509
3.300000 0.003904
3.310000 0.003374
3.320000 0.002908
3.330000 0.002502
3.340000 0.002148
3.350000 0.001839
3.360000 0.001572
3.370000 0.001340
3.380000 0.001140
3.390000 0.000968
3.400000 0.000819
3.410000 0.000692
3.420000 0.000583
3.430000 0.000491
3.440000 0.000412
3.450000 0.000344
3.460000 0.000287
3.470000 0.000239
3.480000 0.000199
3.490000 0.000165
3.500000 0.000136
3.510000 0.000112
3.520000 0.000092
3.530000 0.000076
3.540000 0.000062
3.550000 0.000051
3.560000 0.000041
3.570000 0.000033
3.580000 0.000027
3.590000 0.000022
3.600000 0.000018
3.610000 0.000014
3.620000 0.000011
3.630000 0.000009
3.640000 0.000007
3.650000 0.000006
3.660000 0.000005
3.670000 0.000004
3.680000 0.000003
3.690000 0.000002
3.700000 0.000002
3.710000 0.000001
3.720000 0.000001
3.730000 0.000001
3.740000 0.000001
3.750000 0.000000
3.760000 0.000000
3.770000 0.000000
3.780000 0.000000
3.790000 0.000000
3.800000 0.000000
3.810000 0.000000
3.820000 0.000000
3.830000 0.000000
3.840000 0.000000
3.850000 0.000000
3.860000 0.000000
3.870000 0.000000
3.880000 0.000000
3.890000 0.000000
3.900000 0.000000
3.910000 0.000000
3.920000 0.000000
3.930000 0.000000
3.940000 0.000000
3.950000 0.000000
3.960000 0.000000
3.970000 0.000000
3.980000 0.000000
3.990000 0.000000
4.000000 0.000000
4.010000 0.000000
4.020000 0.000000
4.030000 0.000000
4.040000 0.000000
4.050000 0.000000
4.060000 0.000000
4.070000 0.000000
4.080000 0.000000
4.090000 0.000000
4.100000 0.000000
4.110000 0.000000
4.120000 0.000000
4.130000 0.000000
4.140000 0.000000
4.150000 0.000000
4.160000 0.000000
4.170000 0.000000
4.180000 0.000000
4.190000 0.000000
4.200000 0.000000
4.210000 0.000000
4.220000 0.000000
4.230000 0.000000
4.240000 0.000000
4.250000 0.000000
4.260000 0.000000
4.270000 0.000000
4.280000 0.000000
4.290000 0.000000
4.300000 0.000000
4.310000 0.000000
4.320000 0.000000
4.330000 0.000000
4.340000 0.000000
4.350000 0.000000
4.360000 0.000000
4.370000 0.000000
4.380000 0.000000
4.390000 0.000000
4.400000 0.000000
4.410000 0.000000
4.420000 0.000000
4.430000 0.000000
4.440000 0.000000
4.450000 0.000000
4.460000 0.000000
4.470000 0.000000
4.480000 0.000000
4.490000 0.000000
4.500000 0.000000
4.510000 0.000000
4.520000 0.000000
4.530000 0.000000
4.540000 0.000000
4.550000 0.000000
4.560000 0.000000
4.570000 0.000000
4.580000 0.000000
4.590000 0.000000
4.600000 0.000000
4.610000 0.000000
4.620000 0.000000
4.630000 0.000000
4.640000 0.000000
4.650000 0.000000
4.660000 0.000000
4.670000 0.000000
4.680000 0.000000
4.690000 0.000000
4.700000 0.000000
4.710000 0.000000
4.720000 0.000000
4.730000 0.000000
4.740000 0.000000
4.750000 0.000000
4.760000 0.000000
4.770000 0.000000
4.780000 0.000000
4.790000 0.000000
4.800000 0.000000
4.810000 0.000000
4.820000 0.000000
4.830000 0.000000
4.840000 0.000000
4.850000 0.000000
4.860000 0.000000
4.870000 0.000000
4.880000 0.000000
4.890000 0.000000
4.900000 0.000000
4.910000 0.000000
4.920000 0.000000
4.930000 0.000000
4.940000 0.000000
4.950000 0.000000
4.960000 0.000000
4.970000 0.000000
4.980000 0.000000
4.990000 0.000000
5.000000 0.000000
5.010000 0.000000
5.020000 0.000000
5.030000 0.000000
5.040000 0.000000
5.050000 0.000000
5.060000 0.000000
5.070000 0.000000
5.080000 0.000000
5.090000 0.000000
5.100000 0.000000
5.110000 0.000000
5.120000 0.000000
5.130000 0.000000
5.140000 0.000000
5.150000 0.000000
5.160000 0.000000
5.170000 0.000000
5.180000 0.000000
5.190000 0.000000
5.200000 0.000000
5.210000 0.000000
5.220000 0.000000
5.230000 0.000000
5.240000 0.000000
5.250000 0.000000
5.260000 0.000000
5.270000 0.000000
5.280000 0.000000
5.290000 0.000000
5.300000 0.000000
5.310000 0.000000
5.320000 0.000000
5.330000 0.000000
5.340000 0.000000
5.350000 0.000000
5.360000 0.000000
5.370000 0.000000
5.380000 0.000000
5.390000 0.000000
5.400000 0.000000
5.410000 0.000000
5.420000 0.000000
5.430000 0.000000
5.440000 0.000000
5.450000 0.000000
5.460000 0.000000
5.470000 0.000000
5.480000 0.000000
5.490000 0.000000
5.500000 0.000000
5.510000 0.000000
5.520000 0.000000
5.530000 0.000000
5.540000 0.000000
5.550000 0.000000
5.560000 0.000000
5.570000 0.000000
5.580000 0.000000
5.590000 0.000000
5.600000 0.000000
5.610000 0.000000
5.620000 0.000000
5.630000 0.000000
5.640000 0.000000
5.650000 0.000000
5.660000 0.000000
5.670000 0.000000
5.680000 0.000000
5.690000 0.000000
5.700000 0.000000
5.710000 0.000000
5.720000 0.000000
5.730000 0.000000
5.740000 0.000000
5.750000 0.000000
5.760000 0.000000
5.770000 0.000000
5.780000 0.000000
5.790000 0.000000
5.800000 0.000000
5.810000 0.000000
5.820000 0.000000
5.830000 0.000000
5.840000 0.000000
5.850000 0.000000
5.860000 0.000000
5.870000 0.000000
5.880000 0.000000
5.890000 0.000000
5.900000 0.000000
5.910000 0.000000
5.920000 0.000000
5.930000 0.000000
5.940000 0.000000
5.950000 0.000000
5.960000 0.000000
5.970000 0.000000
5.980000 0.000000
5.990000 0.000000
6.000000 0.000000
6.010000 0.000000
6.020000 0.000000
6.030000 0.000000
6.040000 0.000000
6.050000 0.000000
6.060000 0.000000
6.070000 0.000000
6.080000 0.000000
6.090000 0.000000
6.100000 0.000000
6.110000 0.000000
6.120000 0.000000
6.130000 0.000000
6.140000 0.000000
6.150000 0.000000
6.160000 0.000000
6.170000 0.000000
6.180000 0.000000
6.190000 0.000000
6.200000 0.000000
6.210000 0.000000
6.220000 0.000000
6.230000 0.000000
6.240000 0.000000
6.250000 0.000000
6.260000 0.000001
6.270000 0.000001
6.280000 0.000001
6.290000 0.000001
6.300000 0.000002
6.310000 0.000002
6.320000 0.000003
6.330000 0.000004
6.340000 0.000005
6.350000 0.000006
6.360000 0.000007
6.370000 0.000009
6.380000 0.000011
6.390000 0.000014
6.400000 0.000018
6.410000 0.000022
6.420000 0.000027
6.430000 0.000033
6.440000 0.000041
6.450000 0.000051
6.460000 0.000062
6.470000 0.000076
6.480000 0.000092
6.490000 0.000112
6.500000 0.000136
6.510000 0.000165
6.520000 0.000199
6.530000 0.000239
6.540000 0.000287
6.550000 0.000344
6.560000 0.000412
6.570000 0.000491
6.580000 0.000583
6.590000 0.000692
6.600000 0.000819
6.610000 0.000968
6.620000 0.001140
6.630000 0.001340
6.640000 0.001572
6.650000 0.001839
6.660000 0.002148
6.670000 0.002502
6.680000 0.002908
6.690000 0.003374
6.700000 0.003904
6.710000 0.004509
6.720000 0.005196
6.730000 0.005976
6.740000 0.006857
6.750000 0.007852
6.760000 0.008973
6.770000 0.010232
6.780000 0.011645
6.790000 0.013225
6.800000 0.014988
6.810000 0.016953
6.820000 0.019137
6.830000 0.021558
6.840000 0.024238
6.850000 0.027197
6.860000 0.030457
6.870000 0.034041
6.880000 0.037973
6.890000 0.042277
6.900000 0.046979
6.910000 0.052103
6.920000 0.057676
6.930000 0.063723
6.940000 0.070272
6.950000 0.077349
6.960000 0.084978
6.970000 0.093186
6.980000 0.101998
6.990000 0.111437
7.000000 0.121525
7.010000 0.132284
7.020000 0.143732
7.030000 0.155888
7.040000 0.168765
7.050000 0.182378
7.060000 0.196733
7.070000 0.211839
7.080000 0.227698
7.090000 0.244310
7.100000 0.261668
7.110000 0.279765
7.120000 0.298587
7.130000 0.318117
7.140000 0.338330
7.150000 0.359200
7.160000 0.380694
7.170000 0.402776
7.180000 0.425399
7.190000 0.448520
7.200000 0.472081
7.210000 0.496029
7.220000 0.520298
7.230000 0.544822
7.240000 0.569528
7.250000 0.594343
7.260000 0.619185
7.270000 0.643971
7.280000 0.668618
7.290000 0.693034
7.300000 0.717133
7.310000 0.740818
7.320000 0.764002
7.330000 0.786587
7.340000 0.808484
7.350000 0.829599
7.360000 0.849844
7.370000 0.869128
7.380000 0.887368
7.390000 0.904480
7.400000 0.920389
7.410000 0.935019
7.420000 0.948303
7.430000 0.960178
7.440000 0.970589
7.450000 0.979484
7.460000 0.986821
7.470000 0.992566
7.480000 0.996689
7.490000 0.999171
7.500000 1.000000
7.510000 0.999171
7.520000 0.996689
7.530000 0.992566
7.540000 0.986821
7.550000 0.979484
7.560000 0.970589
7.570000 0.960178
7.580000 0.948303
7.590000 0.935019
7.600000 0.920389
7.610000 0.904480
7.620000 0.887368
7.630000 0.869128
7.640000 0.849844
7.650000 0.829599
7.660000 0.808484
7.670000 0.786587
7.680000 0.764002
7.690000 0.740818
7.700000 0.717133
7.710000 0.693034
7.720000 0.668618
7.730000 0.643971
7.740000 0.619185
7.750000 0.594343
7.760000 0.569528
7.770000 0.544822
7.780000 0.520298
7.790000 0.496029
7.800000 0.472081
7.810000 0.448520
7.820000 0.425399
7.830000 0.402776
7.840000 0.380694
7.850000 0.359200
7.860000 0.338330
7.870000 0.318117
7.880000 0.298587
7.890000 0.279765
7.900000 0.261668
7.910000 0.244310
7.920000 0.227698
7.930000 0.211839
7.940000 0.196733
7.950000 0.182378
7.960000 0.168765
7.970000 0.155888
7.980000 0.143732
7.990000 0.132284
8.000000 0.121525
8.010000 0.111437
8.020000 0.101998
8.030000 0.093187
8.040000 0.084978
8.050000 0.077349
8.060000 0.070272
8.070000 0.063724
8.080000 0.057676
8.090000 0.052103
8.100000 0.046978
8.110000 0.042277
8.120000 0.037973
8.130000 0.034041
8.140000 0.030457
8.150000 0.027197
8.160000 0.024238
8.170000 0.021558
8.180000 0.019136
8.190000 0.016953
8.200000 0.014988
8.210000 0.013225
8.220000 0.011645
8.230000 0.010233
8.240000 0.008973
8.250000 0.007852
8.260000 0.006857
8.270000 0.005976
8.280000 0.005196
8.290000 0.004509
8.300000 0.003904
8.310000 0.003373
8.320000 0.002908
8.330000 0.002502
8.340000 0.002148
8.350000 0.001839
8.360000 0.001572
8.370000 0.001340
8.380000 0.001140
8.390000 0.000968
8.400000 0.000819
8.410000 0.000692
8.420000 0.000583
8.430000 0.000491
8.440000 0.000412
8.450000 0.000344
8.460000 0.000287
8.470000 0.000239
8.480000 0.000199
8.490000 0.000165
8.500000 0.000136
8.510000 0.000112
8.520000 0.000092
8.530000 0.000076
8.540000 0.000062
8.550000 0.000051
8.560000 0.000041
8.570000 0.000033
8.580000 0.000027
8.590000 0.000022
8.600000 0.000018
8.610000 0.000014
8.620000 0.000011
8.630000 0.000009
8.640000 0.000007
8.650000 0.000006
8.660000 0.000005
8.670000 0.000004
8.680000 0.000003
8.690000 0.000002
8.700000 0.000002
8.710000 0.000001
8.720000 0.000001
8.730000 0.000001
8.740000 0.000001
8.750000 0.000000
8.760000 0.000000
8.770000 0.000000
8.780000 0.000000
8.790000 0.000000
8.800000 0.000000
8.810000 0.000000
8.820000 0.000000
8.830000 0.000000
8.840000 0.000000
8.850000 0.000000
8.860000 0.000000
8.870000 0.000000
8.880000 0.000000
8.890000 0.000000
8.900000 0.000000
8.910000 0.000000
8.920000 0.000000
8.930000 0.000000
8.940000 0.000000
8.950000 0.000000
8.960000 0.000000
8.970000 0.000000
8.980000 0.000000
8.990000 0.000000
9.000000 0.000000
9.010000 0.000000
9.020000 0.000000
9.030000 0.000000
9.040000 0.000000
9.050000 0.000000
9.060000 0.000000
9.070000 0.000000
9.080000 0.000000
9.090000 0.000000
9.100000 0.000000
9.110000 0.000000
9.120000 0.000000
9.130000 0.000000
9.140000 0.000000
9.150000 0.000000
9.160000 0.000000
9.170000 0.000000
9.180000 0.000000
9.190000 0.000000
9.200000 0.000000
9.210000 0.000000
9.220000 0.000000
9.230000 0.000000
9.240000 0.000000
9.250000 0.000000
9.260000 0.000000
9.270000 0.000000
9.280000 0.000000
9.290000 0.000000
9.300000 0.000000
9.310000 0.000000
9.320000 0.000000
9.330000 0.000000
9.340000 0.000000
9.350000 0.000000
9.360000 0.000000
9.370000 0.000000
9.380000 0.000000
9.390000 0.000000
9.400000 0.000000
9.410000 0.000000
9.420000 0.000000
9.430000 0.000000
9.440000 0.000000
9.450000 0.000000
9.460000 0.000000
9.470000 0.000000
9.480000 0.000000
9.490000 0.000000
9.500000 0.000000
9.510000 0.000000
9.520000 0.000000
9.530000 0.000000
9.540000 0.000000
9.550000 0.000000
9.560000 0.000000
9.570000 0.000000
9.580000 0.000000
9.590000 0.000000
9.600000 0.000000
9.610000 0.000000
9.620000 0.000000
9.630000 0.000000
9.640000 0.000000
9.650000 0.000000
9.660000 0.000000
9.670000 0.000000
9.680000 0.000000
9.690000 0.000000
9.700000 0.000000
9.710000 0.000000
9.720000 0.000000
9.730000 0.000000
9.740000 0.000000
9.750000 0.000000
9.760000 0.000000
9.770000 0.000000
9.780000 0.000000
9.790000 0.000000
9.800000 0.000000
9.810000 0.000000
9.820000 0.000000
9.830000 0.000000
9.840000 0.000000
9.850000 0.000000
9.860000 0.000000
9.870000 0.000000
9.880000 0.000000
9.890000 0.000000
9.900000 0.000000
9.910000 0.000000
9.920000 0.000000
9.930000 0.000000
9.940000 0.000000
9.950000 0.000000
9.960000 0.000000
9.970000 0.000000
9.980000 0.000000
9.990000 0.000000
10.000000 0.000000
