0.000000 0.000000
0.010000 0.000000
0.020000 0.000000
0.030000 0.000000
0.040000 0.000000
0.050000 0.000000
0.060000 0.000000
0.070000 0.000000
0.080000 0.000000
0.090000 0.000000
0.100000 0.000000
0.110000 0.000000
0.120000 0.000000
0.130000 0.000000
0.140000 0.000000
0.150000 0.000000
0.160000 0.000000
0.170000 0.000000
0.180000 0.000000
0.190000 0.000000
0.200000 0.000000
0.210000 0.000000
0.220000 0.000000
0.230000 0.000000
0.240000 0.000000
0.250000 0.000000
0.260000 0.000000
0.270000 0.000000
0.280000 0.000000
0.290000 0.000000
0.300000 0.000000
0.310000 0.000000
0.320000 0.000000
0.330000 0.000000
0.340000 0.000000
0.350000 0.000000
0.360000 0.000000
0.370000 0.000000
0.380000 0.000000
0.390000 0.000000
0.400000 0.000000
0.410000 0.000000
0.420000 0.000000
0.430000 0.000000
0.440000 0.000000
0.450000 0.000000
0.460000 0.000000
0.470000 0.000000
0.480000 0.000000
0.490000 0.000000
0.500000 0.000000
0.510000 0.000000
0.520000 0.000000
0.530000 0.000000
0.540000 0.000000
0.550000 0.000000
0.560000 0.000000
0.570000 0.000000
0.580000 0.000000
0.590000 0.000000
0.600000 0.000000
0.610000 0.000000
0.620000 0.000000
0.630000 0.000000
0.640000 0.000000
0.650000 0.000000
0.660000 0.000000
0.670000 0.000000
0.680000 0.000000
0.690000 0.000000
0.700000 0.000000
0.710000 0.000000
0.720000 0.000000
0.730000 0.000000
0.740000 0.000000
0.750000 0.000000
0.760000 0.000000
0.770000 0.000000
0.780000 0.000000
0.790000 0.000000
0.800000 0.000000
0.810000 0.000000
0.820000 0.000000
0.830000 0.000000
0.840000 0.000000
0.850000 0.000000
0.860000 0.000000
0.870000 0.000000
0.880000 0.000000
0.890000 0.000000
0.900000 0.000000
0.910000 0.000000
0.920000 0.000000
0.930000 0.000000
0.940000 0.000000
0.950000 0.000000
0.960000 0.000000
0.970000 0.000000
0.980000 0.000000
0.990000 0.000000
1.000000 0.000000
1.010000 0.000000
1.020000 0.000000
1.030000 0.000000
1.040000 0.000000
1.050000 0.000000
1.060000 0.000000
1.070000 0.000000
1.080000 0.000000
1.090000 0.000000
1.100000 0.000000
1.110000 0.000000
1.120000 0.000000
1.130000 0.000000
1.140000 0.000000
1.150000 0.000000
1.160000 0.000000
1.170000 0.000000
1.180000 0.000000
1.190000 0.000000
1.200000 0.000000
1.210000 0.000000
1.220000 0.000001
1.230000 0.000001
1.240000 0.000001
1.250000 0.000001
1.260000 0.000002
1.270000 0.000002
1.280000 0.000003
1.290000 0.000004
1.300000 0.000004
1.310000 0.000006
1.320000 0.000007
1.330000 0.000009
1.340000 0.000011
1.350000 0.000013
1.360000 0.000017
1.370000 0.000021
1.380000 0.000025
1.390000 0.000031
1.400000 0.000038
1.410000 0.000047
1.420000 0.000057
1.430000 0.000070
1.440000 0.000085
1.450000 0.000103
1.460000 0.000124
1.470000 0.000149
1.480000 0.000179
1.490000 0.000215
1.500000 0.000257
1.510000 0.000307
1.520000 0.000366
1.530000 0.000434
1.540000 0.000515
1.550000 0.000609
1.560000 0.000718
1.570000 0.000845
1.580000 0.000993
1.590000 0.001164
1.600000 0.001361
1.610000 0.001589
1.620000 0.001850
1.630000 0.002150
1.640000 0.002493
1.650000 0.002884
1.660000 0.003331
1.670000 0.003838
1.680000 0.004414
1.690000 0.005066
1.700000 0.005802
1.710000 0.006632
1.720000 0.007566
1.730000 0.008614
1.740000 0.009788
1.750000 0.011101
1.760000 0.012565
1.770000 0.014195
1.780000 0.016005
1.790000 0.018012
1.800000 0.020233
1.810000 0.022684
1.820000 0.025386
1.830000 0.028356
1.840000 0.031615
1.850000 0.035183
1.860000 0.039083
1.870000 0.043337
1.880000 0.047967
1.890000 0.052996
1.900000 0.058447
1.910000 0.064345
1.920000 0.070712
1.930000 0.077572
1.940000 0.084949
1.950000 0.092864
1.960000 0.101341
1.970000 0.110401
1.980000 0.120063
1.990000 0.130346
2.000000 0.141269
2.010000 0.152847
2.020000 0.165093
2.030000 0.178020
2.040000 0.191636
2.050000 0.205949
2.060000 0.220961
2.070000 0.236673
2.080000 0.253083
2.090000 0.270183
2.100000 0.287965
2.110000 0.306413
2.120000 0.325511
2.130000 0.345236
2.140000 0.365560
2.150000 0.386455
2.160000 0.407883
2.170000 0.429806
2.180000 0.452180
2.190000 0.474957
2.200000 0.498083
2.210000 0.521503
2.220000 0.545155
2.230000 0.568975
2.240000 0.592896
2.250000 0.616847
2.260000 0.640752
2.270000 0.664537
2.280000 0.688121
2.290000 0.711426
2.300000 0.734367
2.310000 0.756864
2.320000 0.778833
2.330000 0.800191
2.340000 0.820855
2.350000 0.840743
2.360000 0.859777
2.370000 0.877879
2.380000 0.894974
2.390000 0.910990
2.400000 0.925859
2.410000 0.939517
2.420000 0.951905
2.430000 0.962969
2.440000 0.972660
2.450000 0.980935
2.460000 0.987757
2.470000 0.993095
2.480000 0.996925
2.490000 0.999230
2.500000 1.000000
2.510000 0.999230
2.520000 0.996925
2.530000 0.993095
2.540000 0.987757
2.550000 0.980935
2.560000 0.972660
2.570000 0.962969
2.580000 0.951905
2.590000 0.939517
2.600000 0.925859
2.610000 0.910990
2.620000 0.894974
2.630000 0.877879
2.640000 0.859777
2.650000 0.840743
2.660000 0.820855
2.670000 0.800191
2.680000 0.778833
2.690000 0.756864
2.700000 0.734367
2.710000 0.711426
2.720000 0.688121
2.730000 0.664537
2.740000 0.640752
2.750000 0.616847
2.760000 0.592896
2.770000 0.568975
2.780000 0.545155
2.790000 0.521503
2.800000 0.498083
2.810000 0.474957
2.820000 0.452180
2.830000 0.429806
2.840000 0.407883
2.850000 0.386455
2.860000 0.365560
2.870000 0.345236
2.880000 0.325511
2.890000 0.306413
2.900000 0.287965
2.910000 0.270183
2.920000 0.253083
2.930000 0.236673
2.940000 0.220961
2.950000 0.205949
2.960000 0.191636
2.970000 0.178020
2.980000 0.165093
2.990000 0.152847
3.000000 0.141269
3.010000 0.130346
3.020000 0.120063
3.030000 0.110401
3.040000 0.101341
3.050000 0.092864
3.060000 0.084949
3.070000 0.077572
3.080000 0.070712
3.090000 0.064345
3.100000 0.058447
3.110000 0.052996
3.120000 0.047967
3.130000 0.043337
3.140000 0.039083
3.150000 0.035183
3.160000 0.031614
3.170000 0.028356
3.180000 0.025386
3.190000 0.022684
3.200000 0.020233
3.210000 0.018012
3.220000 0.016005
3.230000 0.014195
3.240000 0.012565
3.250000 0.011101
3.260000 0.009788
3.270000 0.008614
3.280000 0.007566
3.290000 0.006632
3.300000 0.005802
3.310000 0.005066
3.320000 0.004414
3.330000 0.003838
3.340000 0.003331
3.350000 0.002884
3.360000 0.002493
3.370000 0.002150
3.380000 0.001850
3.390000 0.001589
3.400000 0.001361
3.410000 0.001164
3.420000 0.000993
3.430000 0.000845
3.440000 0.000718
3.450000 0.000609
3.460000 0.000515
3.470000 0.000434
3.480000 0.000366
3.490000 0.000307
3.500000 0.000257
3.510000 0.000215
3.520000 0.000179
3.530000 0.000149
3.540000 0.000124
3.550000 0.000103
3.560000 0.000085
3.570000 0.000070
3.580000 0.000057
3.590000 0.000047
3.600000 0.000038
3.610000 0.000031
3.620000 0.000025
3.630000 0.000021
3.640000 0.000017
3.650000 0.000013
3.660000 0.000011
3.670000 0.000009
3.680000 0.000007
3.690000 0.000006
3.700000 0.000004
3.710000 0.000004
3.720000 0.000003
3.730000 0.000002
3.740000 0.000002
3.750000 0.000001
3.760000 0.000001
3.770000 0.000001
3.780000 0.000001
3.790000 0.000000
3.800000 0.000000
3.810000 0.000000
3.820000 0.000000
3.830000 0.000000
3.840000 0.000000
3.850000 0.000000
3.860000 0.000000
3.870000 0.000000
3.880000 0.000000
3.890000 0.000000
3.900000 0.000000
3.910000 0.000000
3.920000 0.000000
3.930000 0.000000
3.940000 0.000000
3.950000 0.000000
3.960000 0.000000
3.970000 0.000000
3.980000 0.000000
3.990000 0.000000
4.000000 0.000000
4.010000 0.000000
4.020000 0.000000
4.030000 0.000000
4.040000 0.000000
4.050000 0.000000
4.060000 0.000000
4.070000 0.000000
4.080000 0.000000
4.090000 0.000000
4.100000 0.000000
4.110000 0.000000
4.120000 0.000000
4.130000 0.000000
4.140000 0.000000
4.150000 0.000000
4.160000 0.000000
4.170000 0.000000
4.180000 0.000000
4.190000 0.000000
4.200000 0.000000
4.210000 0.000000
4.220000 0.000000
4.230000 0.000000
4.240000 0.000000
4.250000 0.000000
4.260000 0.000000
4.270000 0.000000
4.280000 0.000000
4.290000 0.000000
4.300000 0.000000
4.310000 0.000000
4.320000 0.000000
4.330000 0.000000
4.340000 0.000000
4.350000 0.000000
4.360000 0.000000
4.370000 0.000000
4.380000 0.000000
4.390000 0.000000
4.400000 0.000000
4.410000 0.000000
4.420000 0.000000
4.430000 0.000000
4.440000 0.000000
4.450000 0.000000
4.460000 0.000000
4.470000 0.000000
4.480000 0.000000
4.490000 0.000000
4.500000 0.000000
4.510000 0.000000
4.520000 0.000000
4.530000 0.000000
4.540000 0.000000
4.550000 0.000000
4.560000 0.000000
4.570000 0.000000
4.580000 0.000000
4.590000 0.000000
4.600000 0.000000
4.610000 0.000000
4.620000 0.000000
4.630000 0.000000
4.640000 0.000000
4.650000 0.000000
4.660000 0.000000
4.670000 0.000000
4.680000 0.000000
4.690000 0.000000
4.700000 0.000000
4.710000 0.000000
4.720000 0.000000
4.730000 0.000000
4.740000 0.000000
4.750000 0.000000
4.760000 0.000000
4.770000 0.000000
4.780000 0.000000
4.790000 0.000000
4.800000 0.000000
4.810000 0.000000
4.820000 0.000000
4.830000 0.000000
4.840000 0.000000
4.850000 0.000000
4.860000 0.000000
4.870000 0.000000
4.880000 0.000000
4.890000 0.000000
4.900000 0.000000
4.910000 0.000000
4.920000 0.000000
4.930000 0.000000
4.940000 0.000000
4.950000 0.000000
4.960000 0.000000
4.970000 0.000000
4.980000 0.000000
4.990000 0.000000
5.000000 0.000000
5.010000 -0.000000
5.020000 -0.000000
5.030000 -0.000000
5.040000 -0.000000
5.050000 -0.000000
5.060000 -0.000000
5.070000 -0.000000
5.080000 -0.000000
5.090000 -0.000000
5.100000 -0.000000
5.110000 -0.000000
5.120000 -0.000000
5.130000 -0.000000
5.140000 -0.000000
5.150000 -0.000000
5.160000 -0.000000
5.170000 -0.000000
5.180000 -0.000000
5.190000 -0.000000
5.200000 -0.000000
5.210000 -0.000000
5.220000 -0.000000
5.230000 -0.000000
5.240000 -0.000000
5.250000 -0.000000
5.260000 -0.000000
5.270000 -0.000000
5.280000 -0.000000
5.290000 -0.000000
5.300000 -0.000000
5.310000 -0.000000
5.320000 -0.000000
5.330000 -0.000000
5.340000 -0.000000
5.350000 -0.000000
5.360000 -0.000000
5.370000 -0.000000
5.380000 -0.000000
5.390000 -0.000000
5.400000 -0.000000
5.410000 -0.000000
5.420000 -0.000000
5.430000 -0.000000
5.440000 -0.000000
5.450000 -0.000000
5.460000 -0.000000
5.470000 -0.000000
5.480000 -0.000000
5.490000 -0.000000
5.500000 -0.000000
5.510000 -0.000000
5.520000 -0.000000
5.530000 -0.000000
5.540000 -0.000000
5.550000 -0.000000
5.560000 -0.000000
5.570000 -0.000000
5.580000 -0.000000
5.590000 -0.000000
5.600000 -0.000000
5.610000 -0.000000
5.620000 -0.000000
5.630000 -0.000000
5.640000 -0.000000
5.650000 -0.000000
5.660000 -0.000000
5.670000 -0.000000
5.680000 -0.000000
5.690000 -0.000000
5.700000 -0.000000
5.710000 -0.000000
5.720000 -0.000000
5.730000 -0.000000
5.740000 -0.000000
5.750000 -0.000000
5.760000 -0.000000
5.770000 -0.000000
5.780000 -0.000000
5.790000 -0.000000
5.800000 -0.000000
5.810000 -0.000000
5.820000 -0.000000
5.830000 -0.000000
5.840000 -0.000000
5.850000 -0.000000
5.860000 -0.000000
5.870000 -0.000000
5.880000 -0.000000
5.890000 -0.000000
5.900000 -0.000000
5.910000 -0.000000
5.920000 -0.000000
5.930000 -0.000000
5.940000 -0.000000
5.950000 -0.000000
5.960000 -0.000000
5.970000 -0.000000
5.980000 -0.000000
5.990000 -0.000000
6.000000 -0.000000
6.010000 -0.000000
6.020000 -0.000000
6.030000 -0.000000
6.040000 -0.000000
6.050000 -0.000000
6.060000 -0.000000
6.070000 -0.000000
6.080000 -0.000000
6.090000 -0.000000
6.100000 -0.000000
6.110000 -0.000000
6.120000 -0.000000
6.130000 -0.000000
6.140000 -0.000000
6.150000 -0.000000
6.160000 -0.000000
6.170000 -0.000000
6.180000 -0.000000
6.190000 -0.000000
6.200000 -0.000000
6.210000 -0.000000
6.220000 -0.000001
6.230000 -0.000001
6.240000 -0.000001
6.250000 -0.000001
6.260000 -0.000002
6.270000 -0.000002
6.280000 -0.000003
6.290000 -0.000004
6.300000 -0.000004
6.310000 -0.000006
6.320000 -0.000007
6.330000 -0.000009
6.340000 -0.000011
6.350000 -0.000013
6.360000 -0.000017
6.370000 -0.000021
6.380000 -0.000025
6.390000 -0.000031
6.400000 -0.000038
6.410000 -0.000047
6.420000 -0.000057
6.430000 -0.000070
6.440000 -0.000085
6.450000 -0.000103
6.460000 -0.000124
6.470000 -0.000149
6.480000 -0.000179
6.490000 -0.000215
6.500000 -0.000257
6.510000 -0.000307
6.520000 -0.000366
6.530000 -0.000434
6.540000 -0.000515
6.550000 -0.000609
6.560000 -0.000718
6.570000 -0.000845
6.580000 -0.000993
6.590000 -0.001164
6.600000 -0.001361
6.610000 -0.001589
6.620000 -0.001850
6.630000 -0.002150
6.640000 -0.002493
6.650000 -0.002884
6.660000 -0.003331
6.670000 -0.003838
6.680000 -0.004414
6.690000 -0.005066
6.700000 -0.005802
6.710000 -0.006632
6.720000 -0.007566
6.730000 -0.008614
6.740000 -0.009788
6.750000 -0.011101
6.760000 -0.012565
6.770000 -0.014195
6.780000 -0.016005
6.790000 -0.018012
6.800000 -0.020233
6.810000 -0.022684
6.820000 -0.025386
6.830000 -0.028356
6.840000 -0.031615
6.850000 -0.035183
6.860000 -0.039084
6.870000 -0.043337
6.880000 -0.047967
6.890000 -0.052996
6.900000 -0.058447
6.910000 -0.064345
6.920000 -0.070712
6.930000 -0.077572
6.940000 -0.084949
6.950000 -0.092864
6.960000 -0.101341
6.970000 -0.110400
6.980000 -0.120063
6.990000 -0.130346
7.000000 -0.141269
7.010000 -0.152847
7.020000 -0.165093
7.030000 -0.178020
7.040000 -0.191636
7.050000 -0.205949
7.060000 -0.220961
7.070000 -0.236673
7.080000 -0.253083
7.090000 -0.270184
7.100000 -0.287965
7.110000 -0.306414
7.120000 -0.325511
7.130000 -0.345236
7.140000 -0.365560
7.150000 -0.386455
7.160000 -0.407883
7.170000 -0.429806
7.180000 -0.452180
7.190000 -0.474957
7.200000 -0.498083
7.210000 -0.521503
7.220000 -0.545154
7.230000 -0.568975
7.240000 -0.592896
7.250000 -0.616847
7.260000 -0.640753
7.270000 -0.664537
7.280000 -0.688122
7.290000 -0.711426
7.300000 -0.734368
7.310000 -0.756864
7.320000 -0.778834
7.330000 -0.800191
7.340000 -0.820855
7.350000 -0.840743
7.360000 -0.859778
7.370000 -0.877879
7.380000 -0.894974
7.390000 -0.910990
7.400000 -0.925859
7.410000 -0.939517
7.420000 -0.951905
7.430000 -0.962969
7.440000 -0.972660
7.450000 -0.980935
7.460000 -0.987757
7.470000 -0.993095
7.480000 -0.996925
7.490000 -0.999230
7.500000 -1.000000
7.510000 -0.999230
7.520000 -0.996925
7.530000 -0.993095
7.540000 -0.987757
7.550000 -0.980935
7.560000 -0.972660
7.570000 -0.962969
7.580000 -0.951905
7.590000 -0.939517
7.600000 -0.925859
7.610000 -0.910990
7.620000 -0.894974
7.630000 -0.877879
7.640000 -0.859778
7.650000 -0.840743
7.660000 -0.820855
7.670000 -0.800191
7.680000 -0.778834
7.690000 -0.756864
7.700000 -0.734368
7.710000 -0.711426
7.720000 -0.688122
7.730000 -0.664537
7.740000 -0.640753
7.750000 -0.616847
7.760000 -0.592896
7.770000 -0.568975
7.780000 -0.545154
7.790000 -0.521503
7.800000 -0.498083
7.810000 -0.474957
7.820000 -0.452180
7.830000 -0.429806
7.840000 -0.407883
7.850000 -0.386455
7.860000 -0.365560
7.870000 -0.345236
7.880000 -0.325511
7.890000 -0.306414
7.900000 -0.287965
7.910000 -0.270184
7.920000 -0.253083
7.930000 -0.236673
7.940000 -0.220961
7.950000 -0.205949
7.960000 -0.191636
7.970000 -0.178020
7.980000 -0.165093
7.990000 -0.152847
8.000000 -0.141269
8.010000 -0.130346
8.020000 -0.120062
8.030000 -0.110401
8.040000 -0.101341
8.050000 -0.092864
8.060000 -0.084948
8.070000 -0.077572
8.080000 -0.070712
8.090000 -0.064345
8.100000 -0.058447
8.110000 -0.052996
8.120000 -0.047967
8.130000 -0.043337
8.140000 -0.039083
8.150000 -0.035183
8.160000 -0.031615
8.170000 -0.028356
8.180000 -0.025385
8.190000 -0.022685
8.200000 -0.020233
8.210000 -0.018012
8.220000 -0.016005
8.230000 -0.014195
8.240000 -0.012565
8.250000 -0.011101
8.260000 -0.009788
8.270000 -0.008614
8.280000 -0.007566
8.290000 -0.006632
8.300000 -0.005802
8.310000 -0.005066
8.320000 -0.004414
8.330000 -0.003838
8.340000 -0.003331
8.350000 -0.002884
8.360000 -0.002493
8.370000 -0.002150
8.380000 -0.001850
8.390000 -0.001589
8.400000 -0.001361
8.410000 -0.001164
8.420000 -0.000993
8.430000 -0.000845
8.440000 -0.000718
8.450000 -0.000609
8.460000 -0.000515
8.470000 -0.000434
8.480000 -0.000366
8.490000 -0.000307
8.500000 -0.000257
8.510000 -0.000215
8.520000 -0.000179
8.530000 -0.000149
8.540000 -0.000124
8.550000 -0.000103
8.560000 -0.000085
8.570000 -0.000070
8.580000 -0.000057
8.590000 -0.000047
8.600000 -0.000038
8.610000 -0.000031
8.620000 -0.000025
8.630000 -0.000021
8.640000 -0.000017
8.650000 -0.000013
8.660000 -0.000011
8.670000 -0.000009
8.680000 -0.000007
8.690000 -0.000006
8.700000 -0.000004
8.710000 -0.000004
8.720000 -0.000003
8.730000 -0.000002
8.740000 -0.000002
8.750000 -0.000001
8.760000 -0.000001
8.770000 -0.000001
8.780000 -0.000001
8.790000 -0.000000
8.800000 -0.000000
8.810000 -0.000000
8.820000 -0.000000
8.830000 -0.000000
8.840000 -0.000000
8.850000 -0.000000
8.860000 -0.000000
8.870000 -0.000000
8.880000 -0.000000
8.890000 -0.000000
8.900000 -0.000000
8.910000 -0.000000
8.920000 -0.000000
8.930000 -0.000000
8.940000 -0.000000
8.950000 -0.000000
8.960000 -0.000000
8.970000 -0.000000
8.980000 -0.000000
8.990000 -0.000000
9.000000 -0.000000
9.010000 -0.000000
9.020000 -0.000000
9.030000 -0.000000
9.040000 -0.000000
9.050000 -0.000000
9.060000 -0.000000
9.070000 -0.000000
9.080000 -0.000000
9.090000 -0.000000
9.100000 -0.000000
9.110000 -0.000000
9.120000 -0.000000
9.130000 -0.000000
9.140000 -0.000000
9.150000 -0.000000
9.160000 -0.000000
9.170000 -0.000000
9.180000 -0.000000
9.190000 -0.000000
9.200000 -0.000000
9.210000 -0.000000
9.220000 -0.000000
9.230000 -0.000000
9.240000 -0.000000
9.250000 -0.000000
9.260000 -0.000000
9.270000 -0.000000
9.280000 -0.000000
9.290000 -0.000000
9.300000 -0.000000
9.310000 -0.000000
9.320000 -0.000000
9.330000 -0.000000
9.340000 -0.000000
9.350000 -0.000000
9.360000 -0.000000
9.370000 -0.000000
9.380000 -0.000000
9.390000 -0.000000
9.400000 -0.000000
9.410000 -0.000000
9.420000 -0.000000
9.430000 -0.000000
9.440000 -0.000000
9.450000 -0.000000
9.460000 -0.000000
9.470000 -0.000000
9.480000 -0.000000
9.490000 -0.000000
9.500000 -0.000000
9.510000 -0.000000
9.520000 -0.000000
9.530000 -0.000000
9.540000 -0.000000
9.550000 -0.000000
9.560000 -0.000000
9.570000 -0.000000
9.580000 -0.000000
9.590000 -0.000000
9.600000 -0.000000
9.610000 -0.000000
9.620000 -0.000000
9.630000 -0.000000
9.640000 -0.000000
9.650000 -0.000000
9.660000 -0.000000
9.670000 -0.000000
9.680000 -0.000000
9.690000 -0.000000
9.700000 -0.000000
9.710000 -0.000000
9.720000 -0.000000
9.730000 -0.000000
9.740000 -0.000000
9.750000 -0.000000
9.760000 -0.000000
9.770000 -0.000000
9.780000 -0.000000
9.790000 -0.000000
9.800000 -0.000000
9.810000 -0.000000
9.820000 -0.000000
9.830000 -0.000000
9.840000 -0.000000
9.850000 -0.000000
9.860000 -0.000000
9.870000 -0.000000
9.880000 -0.000000
9.890000 -0.000000
9.900000 -0.000000
9.910000 -0.000000
9.920000 -0.000000
9.930000 -0.000000
9.940000 -0.000000
9.950000 -0.000000
9.960000 -0.000000
9.970000 -0.000000
9.980000 -0.000000
9.990000 -0.000000
10.000000 -0.000000
