0.000000 0.000000
0.010000 0.000000
0.020000 0.000000
0.030000 0.000000
0.040000 0.000000
0.050000 0.000000
0.060000 0.000000
0.070000 0.000000
0.080000 0.000000
0.090000 0.000000
0.100000 0.000000
0.110000 0.000000
0.120000 0.000000
0.130000 0.000000
0.140000 0.000000
0.150000 0.000000
0.160000 0.000000
0.170000 0.000000
0.180000 0.000000
0.190000 0.000000
0.200000 0.000000
0.210000 0.000000
0.220000 0.000000
0.230000 0.000000
0.240000 0.000000
0.250000 0.000000
0.260000 0.000000
0.270000 0.000000
0.280000 0.000000
0.290000 0.000000
0.300000 0.000000
0.310000 0.000000
0.320000 0.000000
0.330000 0.000000
0.340000 0.000000
0.350000 0.000000
0.360000 0.000000
0.370000 0.000000
0.380000 0.000000
0.390000 0.000000
0.400000 0.000000
0.410000 0.000000
0.420000 0.000000
0.430000 0.000000
0.440000 0.000000
0.450000 0.000000
0.460000 0.000000
0.470000 0.000000
0.480000 0.000000
0.490000 0.000001
0.500000 0.000001
0.510000 0.000001
0.520000 0.000001
0.530000 0.000001
0.540000 0.000002
0.550000 0.000002
0.560000 0.000003
0.570000 0.000003
0.580000 0.000004
0.590000 0.000005
0.600000 0.000006
0.610000 0.000007
0.620000 0.000009
0.630000 0.000011
0.640000 0.000013
0.650000 0.000015
0.660000 0.000018
0.670000 0.000022
0.680000 0.000026
0.690000 0.000030
0.700000 0.000035
0.710000 0.000042
0.720000 0.000049
0.730000 0.000057
0.740000 0.000066
0.750000 0.000077
0.760000 0.000089
0.770000 0.000103
0.780000 0.000118
0.790000 0.000136
0.800000 0.000156
0.810000 0.000179
0.820000 0.000205
0.830000 0.000234
0.840000 0.000266
0.850000 0.000303
0.860000 0.000344
0.870000 0.000389
0.880000 0.000440
0.890000 0.000497
0.900000 0.000560
0.910000 0.000630
0.920000 0.000708
0.930000 0.000794
0.940000 0.000889
0.950000 0.000995
0.960000 0.001110
0.970000 0.001238
0.980000 0.001378
0.990000 0.001532
1.000000 0.001701
1.010000 0.001885
1.020000 0.002087
1.030000 0.002308
1.040000 0.002548
1.050000 0.002810
1.060000 0.003095
1.070000 0.003405
1.080000 0.003741
1.090000 0.004105
1.100000 0.004499
1.110000 0.004926
1.120000 0.005386
1.130000 0.005884
1.140000 0.006419
1.150000 0.006996
1.160000 0.007617
1.170000 0.008284
1.180000 0.008999
1.190000 0.009767
1.200000 0.010589
1.210000 0.011468
1.220000 0.012408
1.230000 0.013412
1.240000 0.014483
1.250000 0.015625
1.260000 0.016841
1.270000 0.018134
1.280000 0.019509
1.290000 0.020968
1.300000 0.022517
1.310000 0.024158
1.320000 0.025896
1.330000 0.027735
1.340000 0.029679
1.350000 0.031733
1.360000 0.033900
1.370000 0.036184
1.380000 0.038591
1.390000 0.041124
1.400000 0.043789
1.410000 0.046588
1.420000 0.049528
1.430000 0.052612
1.440000 0.055845
1.450000 0.059231
1.460000 0.062774
1.470000 0.066480
1.480000 0.070352
1.490000 0.074395
1.500000 0.078613
1.510000 0.083009
1.520000 0.087589
1.530000 0.092355
1.540000 0.097313
1.550000 0.102465
1.560000 0.107815
1.570000 0.113366
1.580000 0.119122
1.590000 0.125086
1.600000 0.131260
1.610000 0.137648
1.620000 0.144252
1.630000 0.151073
1.640000 0.158114
1.650000 0.165377
1.660000 0.172863
1.670000 0.180574
1.680000 0.188509
1.690000 0.196670
1.700000 0.205057
1.710000 0.213669
1.720000 0.222507
1.730000 0.231569
1.740000 0.240855
1.750000 0.250363
1.760000 0.260091
1.770000 0.270037
1.780000 0.280198
1.790000 0.290571
1.800000 0.301153
1.810000 0.311939
1.820000 0.322926
1.830000 0.334109
1.840000 0.345483
1.850000 0.357042
1.860000 0.368780
1.870000 0.380691
1.880000 0.392768
1.890000 0.405004
1.900000 0.417391
1.910000 0.429921
1.920000 0.442586
1.930000 0.455377
1.940000 0.468285
1.950000 0.481299
1.960000 0.494411
1.970000 0.507609
1.980000 0.520884
1.990000 0.534223
2.000000 0.547616
2.010000 0.561050
2.020000 0.574515
2.030000 0.587997
2.040000 0.601484
2.050000 0.614963
2.060000 0.628421
2.070000 0.641845
2.080000 0.655222
2.090000 0.668537
2.100000 0.681778
2.110000 0.694930
2.120000 0.707979
2.130000 0.720911
2.140000 0.733712
2.150000 0.746369
2.160000 0.758866
2.170000 0.771189
2.180000 0.783325
2.190000 0.795260
2.200000 0.806979
2.210000 0.818469
2.220000 0.829715
2.230000 0.840706
2.240000 0.851427
2.250000 0.861865
2.260000 0.872007
2.270000 0.881841
2.280000 0.891355
2.290000 0.900537
2.300000 0.909374
2.310000 0.917857
2.320000 0.925973
2.330000 0.933713
2.340000 0.941067
2.350000 0.948024
2.360000 0.954577
2.370000 0.960717
2.380000 0.966435
2.390000 0.971723
2.400000 0.976576
2.410000 0.980986
2.420000 0.984948
2.430000 0.988457
2.440000 0.991507
2.450000 0.994095
2.460000 0.996217
2.470000 0.997870
2.480000 0.999053
2.490000 0.999763
2.500000 1.000000
2.510000 0.999763
2.520000 0.999053
2.530000 0.997870
2.540000 0.996217
2.550000 0.994095
2.560000 0.991507
2.570000 0.988457
2.580000 0.984948
2.590000 0.980986
2.600000 0.976576
2.610000 0.971723
2.620000 0.966435
2.630000 0.960717
2.640000 0.954577
2.650000 0.948024
2.660000 0.941067
2.670000 0.933713
2.680000 0.925973
2.690000 0.917857
2.700000 0.909374
2.710000 0.900537
2.720000 0.891355
2.730000 0.881841
2.740000 0.872007
2.750000 0.861865
2.760000 0.851427
2.770000 0.840706
2.780000 0.829715
2.790000 0.818469
2.800000 0.806979
2.810000 0.795260
2.820000 0.783325
2.830000 0.771189
2.840000 0.758866
2.850000 0.746369
2.860000 0.733712
2.870000 0.720911
2.880000 0.707979
2.890000 0.694930
2.900000 0.681778
2.910000 0.668537
2.920000 0.655222
2.930000 0.641845
2.940000 0.628421
2.950000 0.614963
2.960000 0.601484
2.970000 0.587997
2.980000 0.574515
2.990000 0.561050
3.000000 0.547616
3.010000 0.534223
3.020000 0.520884
3.030000 0.507609
3.040000 0.494411
3.050000 0.481299
3.060000 0.468285
3.070000 0.455377
3.080000 0.442586
3.090000 0.429921
3.100000 0.417391
3.110000 0.405004
3.120000 0.392768
3.130000 0.380691
3.140000 0.368780
3.150000 0.357042
3.160000 0.345483
3.170000 0.334109
3.180000 0.322926
3.190000 0.311939
3.200000 0.301153
3.210000 0.290571
3.220000 0.280198
3.230000 0.270037
3.240000 0.260091
3.250000 0.250363
3.260000 0.240855
3.270000 0.231569
3.280000 0.222507
3.290000 0.213669
3.300000 0.205057
3.310000 0.196670
3.320000 0.188509
3.330000 0.180574
3.340000 0.172863
3.350000 0.165377
3.360000 0.158115
3.370000 0.151073
3.380000 0.144252
3.390000 0.137648
3.400000 0.131260
3.410000 0.125086
3.420000 0.119122
3.430000 0.113366
3.440000 0.107815
3.450000 0.102465
3.460000 0.097313
3.470000 0.092355
3.480000 0.087589
3.490000 0.083009
3.500000 0.078613
3.510000 0.074395
3.520000 0.070352
3.530000 0.066480
3.540000 0.062774
3.550000 0.059231
3.560000 0.055845
3.570000 0.052612
3.580000 0.049528
3.590000 0.046588
3.600000 0.043789
3.610000 0.041124
3.620000 0.038591
3.630000 0.036184
3.640000 0.033899
3.650000 0.031733
3.660000 0.029679
3.670000 0.027735
3.680000 0.025896
3.690000 0.024158
3.700000 0.022517
3.710000 0.020968
3.720000 0.019509
3.730000 0.018134
3.740000 0.016841
3.750000 0.015625
3.760000 0.014483
3.770000 0.013412
3.780000 0.012408
3.790000 0.011468
3.800000 0.010589
3.810000 0.009767
3.820000 0.008999
3.830000 0.008284
3.840000 0.007617
3.850000 0.006996
3.860000 0.006419
3.870000 0.005884
3.880000 0.005386
3.890000 0.004926
3.900000 0.004499
3.910000 0.004105
3.920000 0.003741
3.930000 0.003405
3.940000 0.003095
3.950000 0.002810
3.960000 0.002548
3.970000 0.002308
3.980000 0.002087
3.990000 0.001885
4.000000 0.001701
4.010000 0.001532
4.020000 0.001378
4.030000 0.001238
4.040000 0.001110
4.050000 0.000995
4.060000 0.000889
4.070000 0.000794
4.080000 0.000708
4.090000 0.000630
4.100000 0.000560
4.110000 0.000497
4.120000 0.000440
4.130000 0.000389
4.140000 0.000344
4.150000 0.000303
4.160000 0.000266
4.170000 0.000234
4.180000 0.000205
4.190000 0.000179
4.200000 0.000156
4.210000 0.000136
4.220000 0.000118
4.230000 0.000103
4.240000 0.000089
4.250000 0.000077
4.260000 0.000066
4.270000 0.000057
4.280000 0.000049
4.290000 0.000042
4.300000 0.000035
4.310000 0.000030
4.320000 0.000026
4.330000 0.000022
4.340000 0.000018
4.350000 0.000015
4.360000 0.000013
4.370000 0.000011
4.380000 0.000009
4.390000 0.000007
4.400000 0.000006
4.410000 0.000005
4.420000 0.000004
4.430000 0.000003
4.440000 0.000003
4.450000 0.000002
4.460000 0.000002
4.470000 0.000001
4.480000 0.000001
4.490000 0.000001
4.500000 0.000001
4.510000 0.000001
4.520000 0.000000
4.530000 0.000000
4.540000 0.000000
4.550000 0.000000
4.560000 0.000000
4.570000 0.000000
4.580000 0.000000
4.590000 0.000000
4.600000 0.000000
4.610000 0.000000
4.620000 0.000000
4.630000 0.000000
4.640000 0.000000
4.650000 0.000000
4.660000 0.000000
4.670000 0.000000
4.680000 0.000000
4.690000 0.000000
4.700000 0.000000
4.710000 0.000000
4.720000 0.000000
4.730000 0.000000
4.740000 0.000000
4.750000 0.000000
4.760000 0.000000
4.770000 0.000000
4.780000 0.000000
4.790000 0.000000
4.800000 0.000000
4.810000 0.000000
4.820000 0.000000
4.830000 0.000000
4.840000 0.000000
4.850000 0.000000
4.860000 0.000000
4.870000 0.000000
4.880000 0.000000
4.890000 0.000000
4.900000 0.000000
4.910000 0.000000
4.920000 0.000000
4.930000 0.000000
4.940000 0.000000
4.950000 0.000000
4.960000 0.000000
4.970000 0.000000
4.980000 0.000000
4.990000 0.000000
5.000000 0.000000
5.010000 0.000000
5.020000 0.000000
5.030000 0.000000
5.040000 0.000000
5.050000 0.000000
5.060000 0.000000
5.070000 0.000000
5.080000 0.000000
5.090000 0.000000
5.100000 0.000000
5.110000 0.000000
5.120000 0.000000
5.130000 0.000000
5.140000 0.000000
5.150000 0.000000
5.160000 0.000000
5.170000 0.000000
5.180000 0.000000
5.190000 0.000000
5.200000 0.000000
5.210000 0.000000
5.220000 0.000000
5.230000 0.000000
5.240000 0.000000
5.250000 0.000000
5.260000 0.000000
5.270000 0.000000
5.280000 0.000000
5.290000 0.000000
5.300000 0.000000
5.310000 0.000000
5.320000 0.000000
5.330000 0.000000
5.340000 0.000000
5.350000 0.000000
5.360000 0.000000
5.370000 0.000000
5.380000 0.000000
5.390000 0.000000
5.400000 0.000000
5.410000 0.000000
5.420000 0.000000
5.430000 0.000000
5.440000 0.000000
5.450000 0.000000
5.460000 0.000000
5.470000 0.000000
5.480000 0.000000
5.490000 0.000001
5.500000 0.000001
5.510000 0.000001
5.520000 0.000001
5.530000 0.000001
5.540000 0.000002
5.550000 0.000002
5.560000 0.000003
5.570000 0.000003
5.580000 0.000004
5.590000 0.000005
5.600000 0.000006
5.610000 0.000007
5.620000 0.000009
5.630000 0.000011
5.640000 0.000013
5.650000 0.000015
5.660000 0.000018
5.670000 0.000022
5.680000 0.000026
5.690000 0.000030
5.700000 0.000035
5.710000 0.000042
5.720000 0.000049
5.730000 0.000057
5.740000 0.000066
5.750000 0.000077
5.760000 0.000089
5.770000 0.000103
5.780000 0.000118
5.790000 0.000136
5.800000 0.000156
5.810000 0.000179
5.820000 0.000205
5.830000 0.000234
5.840000 0.000266
5.850000 0.000303
5.860000 0.000344
5.870000 0.000389
5.880000 0.000440
5.890000 0.000497
5.900000 0.000560
5.910000 0.000630
5.920000 0.000708
5.930000 0.000794
5.940000 0.000889
5.950000 0.000995
5.960000 0.001110
5.970000 0.001238
5.980000 0.001378
5.990000 0.001532
6.000000 0.001701
6.010000 0.001885
6.020000 0.002087
6.030000 0.002308
6.040000 0.002548
6.050000 0.002810
6.060000 0.003095
6.070000 0.003405
6.080000 0.003741
6.090000 0.004105
6.100000 0.004499
6.110000 0.004926
6.120000 0.005386
6.130000 0.005884
6.140000 0.006419
6.150000 0.006996
6.160000 0.007617
6.170000 0.008284
6.180000 0.008999
6.190000 0.009767
6.200000 0.010589
6.210000 0.011468
6.220000 0.012408
6.230000 0.013412
6.240000 0.014483
6.250000 0.015625
6.260000 0.016841
6.270000 0.018134
6.280000 0.019509
6.290000 0.020968
6.300000 0.022517
6.310000 0.024158
6.320000 0.025896
6.330000 0.027735
6.340000 0.029679
6.350000 0.031733
6.360000 0.033900
6.370000 0.036184
6.380000 0.038591
6.390000 0.041124
6.400000 0.043789
6.410000 0.046588
6.420000 0.049528
6.430000 0.052612
6.440000 0.055845
6.450000 0.059231
6.460000 0.062774
6.470000 0.066480
6.480000 0.070352
6.490000 0.074395
6.500000 0.078613
6.510000 0.083009
6.520000 0.087589
6.530000 0.092355
6.540000 0.097313
6.550000 0.102465
6.560000 0.107815
6.570000 0.113366
6.580000 0.119122
6.590000 0.125086
6.600000 0.131260
6.610000 0.137648
6.620000 0.144252
6.630000 0.151073
6.640000 0.158114
6.650000 0.165377
6.660000 0.172863
6.670000 0.180574
6.680000 0.188509
6.690000 0.196670
6.700000 0.205056
6.710000 0.213669
6.720000 0.222507
6.730000 0.231569
6.740000 0.240855
6.750000 0.250363
6.760000 0.260091
6.770000 0.270037
6.780000 0.280198
6.790000 0.290571
6.800000 0.301153
6.810000 0.311939
6.820000 0.322927
6.830000 0.334109
6.840000 0.345483
6.850000 0.357042
6.860000 0.368780
6.870000 0.380691
6.880000 0.392768
6.890000 0.405003
6.900000 0.417391
6.910000 0.429921
6.920000 0.442586
6.930000 0.455377
6.940000 0.468285
6.950000 0.481299
6.960000 0.494411
6.970000 0.507609
6.980000 0.520884
6.990000 0.534223
7.000000 0.547616
7.010000 0.561051
7.020000 0.574515
7.030000 0.587997
7.040000 0.601484
7.050000 0.614963
7.060000 0.628421
7.070000 0.641846
7.080000 0.655222
7.090000 0.668538
7.100000 0.681778
7.110000 0.694930
7.120000 0.707979
7.130000 0.720911
7.140000 0.733712
7.150000 0.746369
7.160000 0.758865
7.170000 0.771189
7.180000 0.783325
7.190000 0.795260
7.200000 0.806979
7.210000 0.818469
7.220000 0.829715
7.230000 0.840706
7.240000 0.851427
7.250000 0.861865
7.260000 0.872007
7.270000 0.881841
7.280000 0.891355
7.290000 0.900537
7.300000 0.909374
7.310000 0.917857
7.320000 0.925973
7.330000 0.933713
7.340000 0.941067
7.350000 0.948024
7.360000 0.954577
7.370000 0.960717
7.380000 0.966435
7.390000 0.971723
7.400000 0.976576
7.410000 0.980986
7.420000 0.984948
7.430000 0.988457
7.440000 0.991507
7.450000 0.994095
7.460000 0.996217
7.470000 0.997870
7.480000 0.999053
7.490000 0.999763
7.500000 1.000000
7.510000 0.999763
7.520000 0.999053
7.530000 0.997870
7.540000 0.996217
7.550000 0.994095
7.560000 0.991507
7.570000 0.988457
7.580000 0.984948
7.590000 0.980986
7.600000 0.976576
7.610000 0.971723
7.620000 0.966435
7.630000 0.960717
7.640000 0.954577
7.650000 0.948024
7.660000 0.941067
7.670000 0.933713
7.680000 0.925973
7.690000 0.917857
7.700000 0.909374
7.710000 0.900537
7.720000 0.891355
7.730000 0.881841
7.740000 0.872007
7.750000 0.861865
7.760000 0.851427
7.770000 0.840706
7.780000 0.829715
7.790000 0.818469
7.800000 0.806979
7.810000 0.795260
7.820000 0.783325
7.830000 0.771189
7.840000 0.758865
7.850000 0.746369
7.860000 0.733712
7.870000 0.720911
7.880000 0.707979
7.890000 0.694930
7.900000 0.681778
7.910000 0.668538
7.920000 0.655222
7.930000 0.641846
7.940000 0.628421
7.950000 0.614963
7.960000 0.601484
7.970000 0.587997
7.980000 0.574515
7.990000 0.561051
8.000000 0.547616
8.010000 0.534223
8.020000 0.520883
8.030000 0.507610
8.040000 0.494411
8.050000 0.481299
8.060000 0.468284
8.070000 0.455377
8.080000 0.442586
8.090000 0.429921
8.100000 0.417390
8.110000 0.405004
8.120000 0.392768
8.130000 0.380691
8.140000 0.368779
8.150000 0.357042
8.160000 0.345483
8.170000 0.334109
8.180000 0.322926
8.190000 0.311940
8.200000 0.301153
8.210000 0.290571
8.220000 0.280198
8.230000 0.270038
8.240000 0.260091
8.250000 0.250363
8.260000 0.240855
8.270000 0.231569
8.280000 0.222507
8.290000 0.213669
8.300000 0.205056
8.310000 0.196669
8.320000 0.188509
8.330000 0.180574
8.340000 0.172863
8.350000 0.165377
8.360000 0.158115
8.370000 0.151073
8.380000 0.144252
8.390000 0.137648
8.400000 0.131261
8.410000 0.125086
8.420000 0.119122
8.430000 0.113366
8.440000 0.107815
8.450000 0.102465
8.460000 0.097313
8.470000 0.092355
8.480000 0.087589
8.490000 0.083009
8.500000 0.078613
8.510000 0.074395
8.520000 0.070352
8.530000 0.066480
8.540000 0.062774
8.550000 0.059231
8.560000 0.055845
8.570000 0.052612
8.580000 0.049528
8.590000 0.046588
8.600000 0.043789
8.610000 0.041124
8.620000 0.038591
8.630000 0.036184
8.640000 0.033899
8.650000 0.031733
8.660000 0.029679
8.670000 0.027735
8.680000 0.025896
8.690000 0.024158
8.700000 0.022517
8.710000 0.020968
8.720000 0.019509
8.730000 0.018134
8.740000 0.016841
8.750000 0.015625
8.760000 0.014483
8.770000 0.013412
8.780000 0.012408
8.790000 0.011468
8.800000 0.010589
8.810000 0.009767
8.820000 0.008999
8.830000 0.008284
8.840000 0.007617
8.850000 0.006996
8.860000 0.006419
8.870000 0.005884
8.880000 0.005386
8.890000 0.004926
8.900000 0.004499
8.910000 0.004105
8.920000 0.003741
8.930000 0.003405
8.940000 0.003095
8.950000 0.002810
8.960000 0.002548
8.970000 0.002308
8.980000 0.002087
8.990000 0.001885
9.000000 0.001701
9.010000 0.001532
9.020000 0.001378
9.030000 0.001238
9.040000 0.001110
9.050000 0.000995
9.060000 0.000889
9.070000 0.000794
9.080000 0.000708
9.090000 0.000630
9.100000 0.000560
9.110000 0.000497
9.120000 0.000440
9.130000 0.000389
9.140000 0.000344
9.150000 0.000303
9.160000 0.000266
9.170000 0.000234
9.180000 0.000205
9.190000 0.000179
9.200000 0.000156
9.210000 0.000136
9.220000 0.000118
9.230000 0.000103
9.240000 0.000089
9.250000 0.000077
9.260000 0.000066
9.270000 0.000057
9.280000 0.000049
9.290000 0.000042
9.300000 0.000035
9.310000 0.000030
9.320000 0.000026
9.330000 0.000022
9.340000 0.000018
9.350000 0.000015
9.360000 0.000013
9.370000 0.000011
9.380000 0.000009
9.390000 0.000007
9.400000 0.000006
9.410000 0.000005
9.420000 0.000004
9.430000 0.000003
9.440000 0.000003
9.450000 0.000002
9.460000 0.000002
9.470000 0.000001
9.480000 0.000001
9.490000 0.000001
9.500000 0.000001
9.510000 0.000001
9.520000 0.000000
9.530000 0.000000
9.540000 0.000000
9.550000 0.000000
9.560000 0.000000
9.570000 0.000000
9.580000 0.000000
9.590000 0.000000
9.600000 0.000000
9.610000 0.000000
9.620000 0.000000
9.630000 0.000000
9.640000 0.000000
9.650000 0.000000
9.660000 0.000000
9.670000 0.000000
9.680000 0.000000
9.690000 0.000000
9.700000 0.000000
9.710000 0.000000
9.720000 0.000000
9.730000 0.000000
9.740000 0.000000
9.750000 0.000000
9.760000 0.000000
9.770000 0.000000
9.780000 0.000000
9.790000 0.000000
9.800000 0.000000
9.810000 0.000000
9.820000 0.000000
9.830000 0.000000
9.840000 0.000000
9.850000 0.000000
9.860000 0.000000
9.870000 0.000000
9.880000 0.000000
9.890000 0.000000
9.900000 0.000000
9.910000 0.000000
9.920000 0.000000
9.930000 0.000000
9.940000 0.000000
9.950000 0.000000
9.960000 0.000000
9.970000 0.000000
9.980000 0.000000
9.990000 0.000000
10.000000 0.000000
