0.000000 0.000000
0.010000 0.000000
0.020000 0.000000
0.030000 0.000000
0.040000 0.000000
0.050000 0.000000
0.060000 0.000000
0.070000 0.000000
0.080000 0.000000
0.090000 0.000000
0.100000 0.000000
0.110000 0.000000
0.120000 0.000000
0.130000 0.000000
0.140000 0.000000
0.150000 0.000001
0.160000 0.000001
0.170000 0.000001
0.180000 0.000002
0.190000 0.000003
0.200000 0.000004
0.210000 0.000005
0.220000 0.000007
0.230000 0.000009
0.240000 0.000011
0.250000 0.000015
0.260000 0.000019
0.270000 0.000023
0.280000 0.000029
0.290000 0.000035
0.300000 0.000043
0.310000 0.000053
0.320000 0.000063
0.330000 0.000076
0.340000 0.000091
0.350000 0.000108
0.360000 0.000127
0.370000 0.000150
0.380000 0.000175
0.390000 0.000204
0.400000 0.000237
0.410000 0.000273
0.420000 0.000315
0.430000 0.000362
0.440000 0.000414
0.450000 0.000472
0.460000 0.000536
0.470000 0.000608
0.480000 0.000687
0.490000 0.000774
0.500000 0.000871
0.510000 0.000977
0.520000 0.001093
0.530000 0.001220
0.540000 0.001359
0.550000 0.001511
0.560000 0.001676
0.570000 0.001855
0.580000 0.002050
0.590000 0.002261
0.600000 0.002489
0.610000 0.002735
0.620000 0.003000
0.630000 0.003286
0.640000 0.003594
0.650000 0.003924
0.660000 0.004278
0.670000 0.004657
0.680000 0.005062
0.690000 0.005496
0.700000 0.005958
0.710000 0.006451
0.720000 0.006976
0.730000 0.007534
0.740000 0.008126
0.750000 0.008755
0.760000 0.009422
0.770000 0.010129
0.780000 0.010876
0.790000 0.011667
0.800000 0.012501
0.810000 0.013382
0.820000 0.014310
0.830000 0.015288
0.840000 0.016317
0.850000 0.017399
0.860000 0.018536
0.870000 0.019729
0.880000 0.020981
0.890000 0.022293
0.900000 0.023667
0.910000 0.025105
0.920000 0.026610
0.930000 0.028181
0.940000 0.029823
0.950000 0.031536
0.960000 0.033322
0.970000 0.035184
0.980000 0.037123
0.990000 0.039141
1.000000 0.041239
1.010000 0.043421
1.020000 0.045687
1.030000 0.048040
1.040000 0.050480
1.050000 0.053011
1.060000 0.055634
1.070000 0.058350
1.080000 0.061161
1.090000 0.064070
1.100000 0.067077
1.110000 0.070184
1.120000 0.073392
1.130000 0.076705
1.140000 0.080121
1.150000 0.083645
1.160000 0.087275
1.170000 0.091015
1.180000 0.094865
1.190000 0.098827
1.200000 0.102901
1.210000 0.107089
1.220000 0.111392
1.230000 0.115811
1.240000 0.120347
1.250000 0.125000
1.260000 0.129772
1.270000 0.134663
1.280000 0.139673
1.290000 0.144804
1.300000 0.150056
1.310000 0.155429
1.320000 0.160923
1.330000 0.166539
1.340000 0.172277
1.350000 0.178137
1.360000 0.184118
1.370000 0.190221
1.380000 0.196446
1.390000 0.202791
1.400000 0.209257
1.410000 0.215843
1.420000 0.222549
1.430000 0.229373
1.440000 0.236315
1.450000 0.243374
1.460000 0.250548
1.470000 0.257838
1.480000 0.265240
1.490000 0.272754
1.500000 0.280379
1.510000 0.288113
1.520000 0.295954
1.530000 0.303900
1.540000 0.311950
1.550000 0.320101
1.560000 0.328351
1.570000 0.336699
1.580000 0.345141
1.590000 0.353675
1.600000 0.362299
1.610000 0.371010
1.620000 0.379805
1.630000 0.388681
1.640000 0.397636
1.650000 0.406666
1.660000 0.415768
1.670000 0.424939
1.680000 0.434176
1.690000 0.443475
1.700000 0.452832
1.710000 0.462243
1.720000 0.471706
1.730000 0.481217
1.740000 0.490770
1.750000 0.500363
1.760000 0.509991
1.770000 0.519651
1.780000 0.529337
1.790000 0.539046
1.800000 0.548774
1.810000 0.558515
1.820000 0.568266
1.830000 0.578022
1.840000 0.587778
1.850000 0.597530
1.860000 0.607272
1.870000 0.617001
1.880000 0.626712
1.890000 0.636399
1.900000 0.646058
1.910000 0.655684
1.920000 0.665271
1.930000 0.674816
1.940000 0.684313
1.950000 0.693757
1.960000 0.703144
1.970000 0.712467
1.980000 0.721723
1.990000 0.730906
2.000000 0.740011
2.010000 0.749033
2.020000 0.757968
2.030000 0.766809
2.040000 0.775554
2.050000 0.784196
2.060000 0.792730
2.070000 0.801152
2.080000 0.809458
2.090000 0.817641
2.100000 0.825698
2.110000 0.833624
2.120000 0.841415
2.130000 0.849065
2.140000 0.856570
2.150000 0.863926
2.160000 0.871129
2.170000 0.878174
2.180000 0.885057
2.190000 0.891773
2.200000 0.898320
2.210000 0.904693
2.220000 0.910887
2.230000 0.916900
2.240000 0.922728
2.250000 0.928367
2.260000 0.933813
2.270000 0.939064
2.280000 0.944116
2.290000 0.948966
2.300000 0.953611
2.310000 0.958048
2.320000 0.962275
2.330000 0.966288
2.340000 0.970086
2.350000 0.973665
2.360000 0.977025
2.370000 0.980162
2.380000 0.983074
2.390000 0.985760
2.400000 0.988219
2.410000 0.990448
2.420000 0.992446
2.430000 0.994212
2.440000 0.995744
2.450000 0.997043
2.460000 0.998107
2.470000 0.998935
2.480000 0.999526
2.490000 0.999882
2.500000 1.000000
2.510000 0.999882
2.520000 0.999526
2.530000 0.998935
2.540000 0.998107
2.550000 0.997043
2.560000 0.995744
2.570000 0.994212
2.580000 0.992446
2.590000 0.990448
2.600000 0.988219
2.610000 0.985760
2.620000 0.983074
2.630000 0.980162
2.640000 0.977025
2.650000 0.973665
2.660000 0.970086
2.670000 0.966288
2.680000 0.962275
2.690000 0.958048
2.700000 0.953611
2.710000 0.948966
2.720000 0.944116
2.730000 0.939064
2.740000 0.933813
2.750000 0.928367
2.760000 0.922728
2.770000 0.916900
2.780000 0.910887
2.790000 0.904693
2.800000 0.898320
2.810000 0.891773
2.820000 0.885057
2.830000 0.878174
2.840000 0.871129
2.850000 0.863926
2.860000 0.856570
2.870000 0.849065
2.880000 0.841415
2.890000 0.833624
2.900000 0.825698
2.910000 0.817641
2.920000 0.809458
2.930000 0.801152
2.940000 0.792730
2.950000 0.784196
2.960000 0.775554
2.970000 0.766809
2.980000 0.757968
2.990000 0.749033
3.000000 0.740011
3.010000 0.730906
3.020000 0.721723
3.030000 0.712467
3.040000 0.703144
3.050000 0.693757
3.060000 0.684313
3.070000 0.674816
3.080000 0.665271
3.090000 0.655684
3.100000 0.646058
3.110000 0.636399
3.120000 0.626712
3.130000 0.617001
3.140000 0.607272
3.150000 0.597530
3.160000 0.587778
3.170000 0.578022
3.180000 0.568266
3.190000 0.558515
3.200000 0.548774
3.210000 0.539046
3.220000 0.529337
3.230000 0.519651
3.240000 0.509991
3.250000 0.500363
3.260000 0.490770
3.270000 0.481217
3.280000 0.471706
3.290000 0.462243
3.300000 0.452832
3.310000 0.443475
3.320000 0.434176
3.330000 0.424940
3.340000 0.415768
3.350000 0.406666
3.360000 0.397636
3.370000 0.388681
3.380000 0.379805
3.390000 0.371010
3.400000 0.362299
3.410000 0.353675
3.420000 0.345141
3.430000 0.336699
3.440000 0.328351
3.450000 0.320101
3.460000 0.311950
3.470000 0.303900
3.480000 0.295954
3.490000 0.288113
3.500000 0.280379
3.510000 0.272754
3.520000 0.265240
3.530000 0.257838
3.540000 0.250548
3.550000 0.243374
3.560000 0.236315
3.570000 0.229373
3.580000 0.222549
3.590000 0.215843
3.600000 0.209257
3.610000 0.202791
3.620000 0.196446
3.630000 0.190221
3.640000 0.184118
3.650000 0.178137
3.660000 0.172277
3.670000 0.166539
3.680000 0.160923
3.690000 0.155429
3.700000 0.150056
3.710000 0.144804
3.720000 0.139673
3.730000 0.134663
3.740000 0.129772
3.750000 0.125000
3.760000 0.120347
3.770000 0.115811
3.780000 0.111392
3.790000 0.107089
3.800000 0.102901
3.810000 0.098827
3.820000 0.094865
3.830000 0.091015
3.840000 0.087275
3.850000 0.083645
3.860000 0.080121
3.870000 0.076705
3.880000 0.073392
3.890000 0.070184
3.900000 0.067076
3.910000 0.064070
3.920000 0.061161
3.930000 0.058350
3.940000 0.055634
3.950000 0.053011
3.960000 0.050480
3.970000 0.048040
3.980000 0.045687
3.990000 0.043421
4.000000 0.041239
4.010000 0.039141
4.020000 0.037123
4.030000 0.035184
4.040000 0.033322
4.050000 0.031536
4.060000 0.029823
4.070000 0.028181
4.080000 0.026610
4.090000 0.025105
4.100000 0.023667
4.110000 0.022293
4.120000 0.020981
4.130000 0.019729
4.140000 0.018536
4.150000 0.017399
4.160000 0.016317
4.170000 0.015288
4.180000 0.014310
4.190000 0.013382
4.200000 0.012501
4.210000 0.011667
4.220000 0.010876
4.230000 0.010129
4.240000 0.009423
4.250000 0.008755
4.260000 0.008126
4.270000 0.007534
4.280000 0.006976
4.290000 0.006451
4.300000 0.005958
4.310000 0.005496
4.320000 0.005062
4.330000 0.004657
4.340000 0.004278
4.350000 0.003924
4.360000 0.003594
4.370000 0.003286
4.380000 0.003000
4.390000 0.002735
4.400000 0.002489
4.410000 0.002261
4.420000 0.002050
4.430000 0.001855
4.440000 0.001676
4.450000 0.001511
4.460000 0.001359
4.470000 0.001220
4.480000 0.001093
4.490000 0.000977
4.500000 0.000871
4.510000 0.000774
4.520000 0.000687
4.530000 0.000608
4.540000 0.000536
4.550000 0.000472
4.560000 0.000414
4.570000 0.000362
4.580000 0.000315
4.590000 0.000273
4.600000 0.000237
4.610000 0.000204
4.620000 0.000175
4.630000 0.000150
4.640000 0.000127
4.650000 0.000108
4.660000 0.000091
4.670000 0.000076
4.680000 0.000063
4.690000 0.000053
4.700000 0.000043
4.710000 0.000035
4.720000 0.000029
4.730000 0.000023
4.740000 0.000019
4.750000 0.000015
4.760000 0.000011
4.770000 0.000009
4.780000 0.000007
4.790000 0.000005
4.800000 0.000004
4.810000 0.000003
4.820000 0.000002
4.830000 0.000001
4.840000 0.000001
4.850000 0.000001
4.860000 0.000000
4.870000 0.000000
4.880000 0.000000
4.890000 0.000000
4.900000 0.000000
4.910000 0.000000
4.920000 0.000000
4.930000 0.000000
4.940000 0.000000
4.950000 0.000000
4.960000 0.000000
4.970000 0.000000
4.980000 0.000000
4.990000 0.000000
5.000000 0.000000
5.010000 0.000000
5.020000 0.000000
5.030000 0.000000
5.040000 0.000000
5.050000 0.000000
5.060000 0.000000
5.070000 0.000000
5.080000 0.000000
5.090000 0.000000
5.100000 0.000000
5.110000 0.000000
5.120000 0.000000
5.130000 0.000000
5.140000 0.000000
5.150000 0.000001
5.160000 0.000001
5.170000 0.000001
5.180000 0.000002
5.190000 0.000003
5.200000 0.000004
5.210000 0.000005
5.220000 0.000007
5.230000 0.000009
5.240000 0.000011
5.250000 0.000015
5.260000 0.000019
5.270000 0.000023
5.280000 0.000029
5.290000 0.000035
5.300000 0.000043
5.310000 0.000053
5.320000 0.000063
5.330000 0.000076
5.340000 0.000091
5.350000 0.000108
5.360000 0.000127
5.370000 0.000150
5.380000 0.000175
5.390000 0.000204
5.400000 0.000237
5.410000 0.000273
5.420000 0.000315
5.430000 0.000362
5.440000 0.000414
5.450000 0.000472
5.460000 0.000536
5.470000 0.000608
5.480000 0.000687
5.490000 0.000774
5.500000 0.000871
5.510000 0.000977
5.520000 0.001093
5.530000 0.001220
5.540000 0.001359
5.550000 0.001511
5.560000 0.001676
5.570000 0.001855
5.580000 0.002050
5.590000 0.002261
5.600000 0.002489
5.610000 0.002735
5.620000 0.003000
5.630000 0.003286
5.640000 0.003594
5.650000 0.003924
5.660000 0.004278
5.670000 0.004657
5.680000 0.005062
5.690000 0.005496
5.700000 0.005958
5.710000 0.006451
5.720000 0.006976
5.730000 0.007534
5.740000 0.008126
5.750000 0.008755
5.760000 0.009423
5.770000 0.010129
5.780000 0.010876
5.790000 0.011667
5.800000 0.012501
5.810000 0.013382
5.820000 0.014310
5.830000 0.015288
5.840000 0.016317
5.850000 0.017399
5.860000 0.018536
5.870000 0.019729
5.880000 0.020981
5.890000 0.022293
5.900000 0.023667
5.910000 0.025105
5.920000 0.026610
5.930000 0.028181
5.940000 0.029823
5.950000 0.031536
5.960000 0.033322
5.970000 0.035184
5.980000 0.037123
5.990000 0.039141
6.000000 0.041239
6.010000 0.043421
6.020000 0.045687
6.030000 0.048040
6.040000 0.050480
6.050000 0.053011
6.060000 0.055634
6.070000 0.058350
6.080000 0.061161
6.090000 0.064070
6.100000 0.067076
6.110000 0.070184
6.120000 0.073392
6.130000 0.076705
6.140000 0.080121
6.150000 0.083645
6.160000 0.087275
6.170000 0.091015
6.180000 0.094865
6.190000 0.098827
6.200000 0.102901
6.210000 0.107089
6.220000 0.111392
6.230000 0.115811
6.240000 0.120347
6.250000 0.125000
6.260000 0.129772
6.270000 0.134663
6.280000 0.139673
6.290000 0.144804
6.300000 0.150056
6.310000 0.155429
6.320000 0.160923
6.330000 0.166539
6.340000 0.172277
6.350000 0.178137
6.360000 0.184118
6.370000 0.190221
6.380000 0.196446
6.390000 0.202791
6.400000 0.209257
6.410000 0.215843
6.420000 0.222549
6.430000 0.229373
6.440000 0.236315
6.450000 0.243374
6.460000 0.250548
6.470000 0.257837
6.480000 0.265240
6.490000 0.272754
6.500000 0.280379
6.510000 0.288113
6.520000 0.295954
6.530000 0.303900
6.540000 0.311950
6.550000 0.320101
6.560000 0.328351
6.570000 0.336699
6.580000 0.345141
6.590000 0.353675
6.600000 0.362299
6.610000 0.371010
6.620000 0.379805
6.630000 0.388681
6.640000 0.397636
6.650000 0.406666
6.660000 0.415768
6.670000 0.424940
6.680000 0.434176
6.690000 0.443475
6.700000 0.452831
6.710000 0.462243
6.720000 0.471706
6.730000 0.481217
6.740000 0.490770
6.750000 0.500363
6.760000 0.509992
6.770000 0.519651
6.780000 0.529338
6.790000 0.539046
6.800000 0.548774
6.810000 0.558515
6.820000 0.568266
6.830000 0.578022
6.840000 0.587778
6.850000 0.597530
6.860000 0.607273
6.870000 0.617001
6.880000 0.626712
6.890000 0.636399
6.900000 0.646058
6.910000 0.655683
6.920000 0.665271
6.930000 0.674816
6.940000 0.684313
6.950000 0.693757
6.960000 0.703144
6.970000 0.712467
6.980000 0.721723
6.990000 0.730905
7.000000 0.740011
7.010000 0.749033
7.020000 0.757968
7.030000 0.766810
7.040000 0.775554
7.050000 0.784196
7.060000 0.792730
7.070000 0.801153
7.080000 0.809458
7.090000 0.817641
7.100000 0.825698
7.110000 0.833625
7.120000 0.841415
7.130000 0.849065
7.140000 0.856570
7.150000 0.863926
7.160000 0.871129
7.170000 0.878174
7.180000 0.885056
7.190000 0.891773
7.200000 0.898320
7.210000 0.904693
7.220000 0.910887
7.230000 0.916900
7.240000 0.922728
7.250000 0.928367
7.260000 0.933813
7.270000 0.939064
7.280000 0.944116
7.290000 0.948966
7.300000 0.953611
7.310000 0.958048
7.320000 0.962275
7.330000 0.966288
7.340000 0.970086
7.350000 0.973665
7.360000 0.977025
7.370000 0.980162
7.380000 0.983074
7.390000 0.985760
7.400000 0.988219
7.410000 0.990448
7.420000 0.992446
7.430000 0.994212
7.440000 0.995744
7.450000 0.997043
7.460000 0.998107
7.470000 0.998935
7.480000 0.999526
7.490000 0.999882
7.500000 1.000000
7.510000 0.999882
7.520000 0.999526
7.530000 0.998935
7.540000 0.998107
7.550000 0.997043
7.560000 0.995744
7.570000 0.994212
7.580000 0.992446
7.590000 0.990448
7.600000 0.988219
7.610000 0.985760
7.620000 0.983074
7.630000 0.980162
7.640000 0.977025
7.650000 0.973665
7.660000 0.970086
7.670000 0.966288
7.680000 0.962275
7.690000 0.958048
7.700000 0.953611
7.710000 0.948966
7.720000 0.944116
7.730000 0.939064
7.740000 0.933813
7.750000 0.928367
7.760000 0.922728
7.770000 0.916900
7.780000 0.910887
7.790000 0.904693
7.800000 0.898320
7.810000 0.891773
7.820000 0.885056
7.830000 0.878174
7.840000 0.871129
7.850000 0.863926
7.860000 0.856570
7.870000 0.849065
7.880000 0.841415
7.890000 0.833625
7.900000 0.825698
7.910000 0.817641
7.920000 0.809458
7.930000 0.801153
7.940000 0.792730
7.950000 0.784196
7.960000 0.775554
7.970000 0.766810
7.980000 0.757968
7.990000 0.749033
8.000000 0.740011
8.010000 0.730905
8.020000 0.721722
8.030000 0.712467
8.040000 0.703144
8.050000 0.693757
8.060000 0.684313
8.070000 0.674816
8.080000 0.665271
8.090000 0.655683
8.100000 0.646057
8.110000 0.636399
8.120000 0.626712
8.130000 0.617001
8.140000 0.607272
8.150000 0.597530
8.160000 0.587778
8.170000 0.578022
8.180000 0.568266
8.190000 0.558516
8.200000 0.548774
8.210000 0.539046
8.220000 0.529337
8.230000 0.519651
8.240000 0.509992
8.250000 0.500363
8.260000 0.490770
8.270000 0.481216
8.280000 0.471707
8.290000 0.462243
8.300000 0.452831
8.310000 0.443474
8.320000 0.434176
8.330000 0.424940
8.340000 0.415768
8.350000 0.406666
8.360000 0.397636
8.370000 0.388681
8.380000 0.379805
8.390000 0.371009
8.400000 0.362299
8.410000 0.353675
8.420000 0.345141
8.430000 0.336698
8.440000 0.328352
8.450000 0.320101
8.460000 0.311950
8.470000 0.303900
8.480000 0.295954
8.490000 0.288113
8.500000 0.280379
8.510000 0.272754
8.520000 0.265240
8.530000 0.257838
8.540000 0.250548
8.550000 0.243374
8.560000 0.236315
8.570000 0.229373
8.580000 0.222549
8.590000 0.215843
8.600000 0.209257
8.610000 0.202791
8.620000 0.196446
8.630000 0.190221
8.640000 0.184118
8.650000 0.178137
8.660000 0.172277
8.670000 0.166539
8.680000 0.160923
8.690000 0.155429
8.700000 0.150056
8.710000 0.144804
8.720000 0.139673
8.730000 0.134663
8.740000 0.129772
8.750000 0.125000
8.760000 0.120347
8.770000 0.115811
8.780000 0.111392
8.790000 0.107089
8.800000 0.102901
8.810000 0.098827
8.820000 0.094865
8.830000 0.091015
8.840000 0.087275
8.850000 0.083644
8.860000 0.080122
8.870000 0.076705
8.880000 0.073392
8.890000 0.070183
8.900000 0.067077
8.910000 0.064070
8.920000 0.061161
8.930000 0.058350
8.940000 0.055634
8.950000 0.053011
8.960000 0.050480
8.970000 0.048040
8.980000 0.045687
8.990000 0.043421
9.000000 0.041239
9.010000 0.039141
9.020000 0.037123
9.030000 0.035184
9.040000 0.033322
9.050000 0.031536
9.060000 0.029823
9.070000 0.028181
9.080000 0.026610
9.090000 0.025105
9.100000 0.023667
9.110000 0.022293
9.120000 0.020981
9.130000 0.019729
9.140000 0.018536
9.150000 0.017399
9.160000 0.016317
9.170000 0.015288
9.180000 0.014310
9.190000 0.013382
9.200000 0.012501
9.210000 0.011667
9.220000 0.010876
9.230000 0.010129
9.240000 0.009423
9.250000 0.008755
9.260000 0.008126
9.270000 0.007534
9.280000 0.006976
9.290000 0.006451
9.300000 0.005958
9.310000 0.005496
9.320000 0.005063
9.330000 0.004657
9.340000 0.004278
9.350000 0.003924
9.360000 0.003594
9.370000 0.003286
9.380000 0.003000
9.390000 0.002735
9.400000 0.002489
9.410000 0.002261
9.420000 0.002050
9.430000 0.001855
9.440000 0.001676
9.450000 0.001511
9.460000 0.001359
9.470000 0.001220
9.480000 0.001093
9.490000 0.000977
9.500000 0.000871
9.510000 0.000774
9.520000 0.000687
9.530000 0.000608
9.540000 0.000536
9.550000 0.000472
9.560000 0.000414
9.570000 0.000362
9.580000 0.000315
9.590000 0.000273
9.600000 0.000237
9.610000 0.000204
9.620000 0.000175
9.630000 0.000150
9.640000 0.000127
9.650000 0.000108
9.660000 0.000091
9.670000 0.000076
9.680000 0.000063
9.690000 0.000053
9.700000 0.000043
9.710000 0.000035
9.720000 0.000029
9.730000 0.000023
9.740000 0.000019
9.750000 0.000015
9.760000 0.000011
9.770000 0.000009
9.780000 0.000007
9.790000 0.000005
9.800000 0.000004
9.810000 0.000003
9.820000 0.000002
9.830000 0.000001
9.840000 0.000001
9.850000 0.000001
9.860000 0.000000
9.870000 0.000000
9.880000 0.000000
9.890000 0.000000
9.900000 0.000000
9.910000 0.000000
9.920000 0.000000
9.930000 0.000000
9.940000 0.000000
9.950000 0.000000
9.960000 0.000000
9.970000 0.000000
9.980000 0.000000
9.990000 0.000000
10.000000 0.000000
