0.000000 0.000000
0.010000 0.000000
0.020000 0.000000
0.030000 0.000000
0.040000 0.000000
0.050000 0.000000
0.060000 0.000000
0.070000 0.000000
0.080000 0.000000
0.090000 0.000000
0.100000 0.000000
0.110000 0.000000
0.120000 0.000000
0.130000 0.000000
0.140000 0.000000
0.150000 0.000000
0.160000 0.000000
0.170000 0.000000
0.180000 0.000000
0.190000 0.000000
0.200000 0.000000
0.210000 0.000000
0.220000 0.000000
0.230000 0.000000
0.240000 0.000000
0.250000 0.000000
0.260000 0.000000
0.270000 0.000000
0.280000 0.000000
0.290000 0.000000
0.300000 0.000000
0.310000 0.000000
0.320000 0.000000
0.330000 0.000000
0.340000 0.000000
0.350000 0.000000
0.360000 0.000000
0.370000 0.000000
0.380000 0.000000
0.390000 0.000000
0.400000 0.000000
0.410000 0.000000
0.420000 0.000000
0.430000 0.000000
0.440000 0.000000
0.450000 0.000000
0.460000 0.000000
0.470000 0.000000
0.480000 0.000000
0.490000 0.000000
0.500000 0.000000
0.510000 0.000000
0.520000 0.000000
0.530000 0.000000
0.540000 0.000000
0.550000 0.000000
0.560000 0.000000
0.570000 0.000000
0.580000 0.000000
0.590000 0.000000
0.600000 0.000000
0.610000 0.000000
0.620000 0.000000
0.630000 0.000000
0.640000 0.000000
0.650000 0.000000
0.660000 0.000000
0.670000 0.000000
0.680000 0.000000
0.690000 0.000000
0.700000 0.000000
0.710000 0.000000
0.720000 0.000000
0.730000 0.000000
0.740000 0.000000
0.750000 0.000000
0.760000 0.000000
0.770000 0.000000
0.780000 0.000000
0.790000 0.000000
0.800000 0.000000
0.810000 0.000000
0.820000 0.000000
0.830000 0.000000
0.840000 0.000000
0.850000 0.000000
0.860000 0.000000
0.870000 0.000000
0.880000 0.000000
0.890000 0.000000
0.900000 0.000000
0.910000 0.000000
0.920000 0.000000
0.930000 0.000000
0.940000 0.000000
0.950000 0.000000
0.960000 0.000000
0.970000 0.000000
0.980000 0.000000
0.990000 0.000000
1.000000 0.000000
1.010000 0.000000
1.020000 0.000000
1.030000 0.000000
1.040000 0.000000
1.050000 0.000000
1.060000 0.000000
1.070000 0.000000
1.080000 0.000000
1.090000 0.000000
1.100000 0.000000
1.110000 0.000000
1.120000 0.000000
1.130000 0.000000
1.140000 0.000000
1.150000 0.000001
1.160000 0.000001
1.170000 0.000001
1.180000 0.000001
1.190000 0.000001
1.200000 0.000002
1.210000 0.000002
1.220000 0.000003
1.230000 0.000003
1.240000 0.000004
1.250000 0.000005
1.260000 0.000007
1.270000 0.000008
1.280000 0.000010
1.290000 0.000013
1.300000 0.000016
1.310000 0.000019
1.320000 0.000024
1.330000 0.000029
1.340000 0.000035
1.350000 0.000043
1.360000 0.000052
1.370000 0.000062
1.380000 0.000075
1.390000 0.000091
1.400000 0.000109
1.410000 0.000131
1.420000 0.000156
1.430000 0.000186
1.440000 0.000221
1.450000 0.000263
1.460000 0.000312
1.470000 0.000368
1.480000 0.000434
1.490000 0.000511
1.500000 0.000601
1.510000 0.000704
1.520000 0.000823
1.530000 0.000961
1.540000 0.001119
1.550000 0.001301
1.560000 0.001509
1.570000 0.001747
1.580000 0.002018
1.590000 0.002327
1.600000 0.002678
1.610000 0.003077
1.620000 0.003527
1.630000 0.004036
1.640000 0.004610
1.650000 0.005255
1.660000 0.005979
1.670000 0.006791
1.680000 0.007698
1.690000 0.008711
1.700000 0.009839
1.710000 0.011094
1.720000 0.012486
1.730000 0.014028
1.740000 0.015732
1.750000 0.017613
1.760000 0.019684
1.770000 0.021961
1.780000 0.024459
1.790000 0.027195
1.800000 0.030185
1.810000 0.033448
1.820000 0.037001
1.830000 0.040864
1.840000 0.045055
1.850000 0.049594
1.860000 0.054501
1.870000 0.059796
1.880000 0.065498
1.890000 0.071629
1.900000 0.078208
1.910000 0.085254
1.920000 0.092788
1.930000 0.100828
1.940000 0.109392
1.950000 0.118498
1.960000 0.128161
1.970000 0.138397
1.980000 0.149220
1.990000 0.160641
2.000000 0.172672
2.010000 0.185320
2.020000 0.198592
2.030000 0.212492
2.040000 0.227023
2.050000 0.242182
2.060000 0.257967
2.070000 0.274371
2.080000 0.291384
2.090000 0.308994
2.100000 0.327184
2.110000 0.345935
2.120000 0.365224
2.130000 0.385025
2.140000 0.405307
2.150000 0.426037
2.160000 0.447178
2.170000 0.468690
2.180000 0.490529
2.190000 0.512646
2.200000 0.534993
2.210000 0.557514
2.220000 0.580154
2.230000 0.602854
2.240000 0.625551
2.250000 0.648183
2.260000 0.670682
2.270000 0.692982
2.280000 0.715014
2.290000 0.736709
2.300000 0.757994
2.310000 0.778801
2.320000 0.799058
2.330000 0.818695
2.340000 0.837644
2.350000 0.855835
2.360000 0.873204
2.370000 0.889685
2.380000 0.905218
2.390000 0.919742
2.400000 0.933203
2.410000 0.945548
2.420000 0.956730
2.430000 0.966703
2.440000 0.975430
2.450000 0.982874
2.460000 0.989006
2.470000 0.993801
2.480000 0.997240
2.490000 0.999309
2.500000 1.000000
2.510000 0.999309
2.520000 0.997240
2.530000 0.993801
2.540000 0.989006
2.550000 0.982874
2.560000 0.975430
2.570000 0.966703
2.580000 0.956730
2.590000 0.945548
2.600000 0.933203
2.610000 0.919742
2.620000 0.905218
2.630000 0.889685
2.640000 0.873204
2.650000 0.855835
2.660000 0.837644
2.670000 0.818695
2.680000 0.799058
2.690000 0.778801
2.700000 0.757994
2.710000 0.736709
2.720000 0.715014
2.730000 0.692982
2.740000 0.670682
2.750000 0.648183
2.760000 0.625551
2.770000 0.602854
2.780000 0.580154
2.790000 0.557514
2.800000 0.534993
2.810000 0.512646
2.820000 0.490529
2.830000 0.468690
2.840000 0.447178
2.850000 0.426037
2.860000 0.405307
2.870000 0.385025
2.880000 0.365224
2.890000 0.345935
2.900000 0.327184
2.910000 0.308994
2.920000 0.291384
2.930000 0.274371
2.940000 0.257967
2.950000 0.242182
2.960000 0.227023
2.970000 0.212492
2.980000 0.198592
2.990000 0.185320
3.000000 0.172672
3.010000 0.160641
3.020000 0.149220
3.030000 0.138397
3.040000 0.128161
3.050000 0.118498
3.060000 0.109392
3.070000 0.100828
3.080000 0.092788
3.090000 0.085254
3.100000 0.078208
3.110000 0.071629
3.120000 0.065498
3.130000 0.059796
3.140000 0.054501
3.150000 0.049594
3.160000 0.045055
3.170000 0.040864
3.180000 0.037001
3.190000 0.033448
3.200000 0.030185
3.210000 0.027195
3.220000 0.024459
3.230000 0.021961
3.240000 0.019684
3.250000 0.017613
3.260000 0.015732
3.270000 0.014028
3.280000 0.012486
3.290000 0.011094
3.300000 0.009839
3.310000 0.008711
3.320000 0.007698
3.330000 0.006791
3.340000 0.005979
3.350000 0.005255
3.360000 0.004610
3.370000 0.004036
3.380000 0.003527
3.390000 0.003077
3.400000 0.002678
3.410000 0.002327
3.420000 0.002018
3.430000 0.001747
3.440000 0.001509
3.450000 0.001301
3.460000 0.001119
3.470000 0.000961
3.480000 0.000823
3.490000 0.000704
3.500000 0.000601
3.510000 0.000511
3.520000 0.000434
3.530000 0.000368
3.540000 0.000312
3.550000 0.000263
3.560000 0.000221
3.570000 0.000186
3.580000 0.000156
3.590000 0.000131
3.600000 0.000109
3.610000 0.000091
3.620000 0.000075
3.630000 0.000062
3.640000 0.000052
3.650000 0.000043
3.660000 0.000035
3.670000 0.000029
3.680000 0.000024
3.690000 0.000019
3.700000 0.000016
3.710000 0.000013
3.720000 0.000010
3.730000 0.000008
3.740000 0.000007
3.750000 0.000005
3.760000 0.000004
3.770000 0.000003
3.780000 0.000003
3.790000 0.000002
3.800000 0.000002
3.810000 0.000001
3.820000 0.000001
3.830000 0.000001
3.840000 0.000001
3.850000 0.000001
3.860000 0.000000
3.870000 0.000000
3.880000 0.000000
3.890000 0.000000
3.900000 0.000000
3.910000 0.000000
3.920000 0.000000
3.930000 0.000000
3.940000 0.000000
3.950000 0.000000
3.960000 0.000000
3.970000 0.000000
3.980000 0.000000
3.990000 0.000000
4.000000 0.000000
4.010000 0.000000
4.020000 0.000000
4.030000 0.000000
4.040000 0.000000
4.050000 0.000000
4.060000 0.000000
4.070000 0.000000
4.080000 0.000000
4.090000 0.000000
4.100000 0.000000
4.110000 0.000000
4.120000 0.000000
4.130000 0.000000
4.140000 0.000000
4.150000 0.000000
4.160000 0.000000
4.170000 0.000000
4.180000 0.000000
4.190000 0.000000
4.200000 0.000000
4.210000 0.000000
4.220000 0.000000
4.230000 0.000000
4.240000 0.000000
4.250000 0.000000
4.260000 0.000000
4.270000 0.000000
4.280000 0.000000
4.290000 0.000000
4.300000 0.000000
4.310000 0.000000
4.320000 0.000000
4.330000 0.000000
4.340000 0.000000
4.350000 0.000000
4.360000 0.000000
4.370000 0.000000
4.380000 0.000000
4.390000 0.000000
4.400000 0.000000
4.410000 0.000000
4.420000 0.000000
4.430000 0.000000
4.440000 0.000000
4.450000 0.000000
4.460000 0.000000
4.470000 0.000000
4.480000 0.000000
4.490000 0.000000
4.500000 0.000000
4.510000 0.000000
4.520000 0.000000
4.530000 0.000000
4.540000 0.000000
4.550000 0.000000
4.560000 0.000000
4.570000 0.000000
4.580000 0.000000
4.590000 0.000000
4.600000 0.000000
4.610000 0.000000
4.620000 0.000000
4.630000 0.000000
4.640000 0.000000
4.650000 0.000000
4.660000 0.000000
4.670000 0.000000
4.680000 0.000000
4.690000 0.000000
4.700000 0.000000
4.710000 0.000000
4.720000 0.000000
4.730000 0.000000
4.740000 0.000000
4.750000 0.000000
4.760000 0.000000
4.770000 0.000000
4.780000 0.000000
4.790000 0.000000
4.800000 0.000000
4.810000 0.000000
4.820000 0.000000
4.830000 0.000000
4.840000 0.000000
4.850000 0.000000
4.860000 0.000000
4.870000 0.000000
4.880000 0.000000
4.890000 0.000000
4.900000 0.000000
4.910000 0.000000
4.920000 0.000000
4.930000 0.000000
4.940000 0.000000
4.950000 0.000000
4.960000 0.000000
4.970000 0.000000
4.980000 0.000000
4.990000 0.000000
5.000000 0.000000
5.010000 -0.000000
5.020000 -0.000000
5.030000 -0.000000
5.040000 -0.000000
5.050000 -0.000000
5.060000 -0.000000
5.070000 -0.000000
5.080000 -0.000000
5.090000 -0.000000
5.100000 -0.000000
5.110000 -0.000000
5.120000 -0.000000
5.130000 -0.000000
5.140000 -0.000000
5.150000 -0.000000
5.160000 -0.000000
5.170000 -0.000000
5.180000 -0.000000
5.190000 -0.000000
5.200000 -0.000000
5.210000 -0.000000
5.220000 -0.000000
5.230000 -0.000000
5.240000 -0.000000
5.250000 -0.000000
5.260000 -0.000000
5.270000 -0.000000
5.280000 -0.000000
5.290000 -0.000000
5.300000 -0.000000
5.310000 -0.000000
5.320000 -0.000000
5.330000 -0.000000
5.340000 -0.000000
5.350000 -0.000000
5.360000 -0.000000
5.370000 -0.000000
5.380000 -0.000000
5.390000 -0.000000
5.400000 -0.000000
5.410000 -0.000000
5.420000 -0.000000
5.430000 -0.000000
5.440000 -0.000000
5.450000 -0.000000
5.460000 -0.000000
5.470000 -0.000000
5.480000 -0.000000
5.490000 -0.000000
5.500000 -0.000000
5.510000 -0.000000
5.520000 -0.000000
5.530000 -0.000000
5.540000 -0.000000
5.550000 -0.000000
5.560000 -0.000000
5.570000 -0.000000
5.580000 -0.000000
5.590000 -0.000000
5.600000 -0.000000
5.610000 -0.000000
5.620000 -0.000000
5.630000 -0.000000
5.640000 -0.000000
5.650000 -0.000000
5.660000 -0.000000
5.670000 -0.000000
5.680000 -0.000000
5.690000 -0.000000
5.700000 -0.000000
5.710000 -0.000000
5.720000 -0.000000
5.730000 -0.000000
5.740000 -0.000000
5.750000 -0.000000
5.760000 -0.000000
5.770000 -0.000000
5.780000 -0.000000
5.790000 -0.000000
5.800000 -0.000000
5.810000 -0.000000
5.820000 -0.000000
5.830000 -0.000000
5.840000 -0.000000
5.850000 -0.000000
5.860000 -0.000000
5.870000 -0.000000
5.880000 -0.000000
5.890000 -0.000000
5.900000 -0.000000
5.910000 -0.000000
5.920000 -0.000000
5.930000 -0.000000
5.940000 -0.000000
5.950000 -0.000000
5.960000 -0.000000
5.970000 -0.000000
5.980000 -0.000000
5.990000 -0.000000
6.000000 -0.000000
6.010000 -0.000000
6.020000 -0.000000
6.030000 -0.000000
6.040000 -0.000000
6.050000 -0.000000
6.060000 -0.000000
6.070000 -0.000000
6.080000 -0.000000
6.090000 -0.000000
6.100000 -0.000000
6.110000 -0.000000
6.120000 -0.000000
6.130000 -0.000000
6.140000 -0.000000
6.150000 -0.000001
6.160000 -0.000001
6.170000 -0.000001
6.180000 -0.000001
6.190000 -0.000001
6.200000 -0.000002
6.210000 -0.000002
6.220000 -0.000003
6.230000 -0.000003
6.240000 -0.000004
6.250000 -0.000005
6.260000 -0.000007
6.270000 -0.000008
6.280000 -0.000010
6.290000 -0.000013
6.300000 -0.000016
6.310000 -0.000019
6.320000 -0.000024
6.330000 -0.000029
6.340000 -0.000035
6.350000 -0.000043
6.360000 -0.000052
6.370000 -0.000062
6.380000 -0.000075
6.390000 -0.000091
6.400000 -0.000109
6.410000 -0.000131
6.420000 -0.000156
6.430000 -0.000186
6.440000 -0.000221
6.450000 -0.000263
6.460000 -0.000312
6.470000 -0.000368
6.480000 -0.000434
6.490000 -0.000511
6.500000 -0.000601
6.510000 -0.000704
6.520000 -0.000823
6.530000 -0.000961
6.540000 -0.001119
6.550000 -0.001301
6.560000 -0.001509
6.570000 -0.001747
6.580000 -0.002018
6.590000 -0.002327
6.600000 -0.002678
6.610000 -0.003077
6.620000 -0.003527
6.630000 -0.004036
6.640000 -0.004610
6.650000 -0.005255
6.660000 -0.005979
6.670000 -0.006791
6.680000 -0.007698
6.690000 -0.008711
6.700000 -0.009839
6.710000 -0.011094
6.720000 -0.012486
6.730000 -0.014028
6.740000 -0.015732
6.750000 -0.017613
6.760000 -0.019684
6.770000 -0.021961
6.780000 -0.024459
6.790000 -0.027195
6.800000 -0.030185
6.810000 -0.033448
6.820000 -0.037002
6.830000 -0.040864
6.840000 -0.045055
6.850000 -0.049594
6.860000 -0.054501
6.870000 -0.059796
6.880000 -0.065498
6.890000 -0.071629
6.900000 -0.078208
6.910000 -0.085254
6.920000 -0.092788
6.930000 -0.100828
6.940000 -0.109392
6.950000 -0.118498
6.960000 -0.128161
6.970000 -0.138397
6.980000 -0.149220
6.990000 -0.160641
7.000000 -0.172672
7.010000 -0.185320
7.020000 -0.198592
7.030000 -0.212493
7.040000 -0.227023
7.050000 -0.242183
7.060000 -0.257967
7.070000 -0.274372
7.080000 -0.291384
7.090000 -0.308994
7.100000 -0.327184
7.110000 -0.345935
7.120000 -0.365224
7.130000 -0.385025
7.140000 -0.405306
7.150000 -0.426037
7.160000 -0.447178
7.170000 -0.468690
7.180000 -0.490528
7.190000 -0.512646
7.200000 -0.534992
7.210000 -0.557514
7.220000 -0.580154
7.230000 -0.602854
7.240000 -0.625551
7.250000 -0.648183
7.260000 -0.670683
7.270000 -0.692982
7.280000 -0.715015
7.290000 -0.736709
7.300000 -0.757995
7.310000 -0.778801
7.320000 -0.799059
7.330000 -0.818695
7.340000 -0.837644
7.350000 -0.855835
7.360000 -0.873204
7.370000 -0.889685
7.380000 -0.905218
7.390000 -0.919742
7.400000 -0.933203
7.410000 -0.945548
7.420000 -0.956730
7.430000 -0.966703
7.440000 -0.975430
7.450000 -0.982874
7.460000 -0.989006
7.470000 -0.993801
7.480000 -0.997240
7.490000 -0.999309
7.500000 -1.000000
7.510000 -0.999309
7.520000 -0.997240
7.530000 -0.993801
7.540000 -0.989006
7.550000 -0.982874
7.560000 -0.975430
7.570000 -0.966703
7.580000 -0.956730
7.590000 -0.945548
7.600000 -0.933203
7.610000 -0.919742
7.620000 -0.905218
7.630000 -0.889685
7.640000 -0.873204
7.650000 -0.855835
7.660000 -0.837644
7.670000 -0.818695
7.680000 -0.799059
7.690000 -0.778801
7.700000 -0.757995
7.710000 -0.736709
7.720000 -0.715015
7.730000 -0.692982
7.740000 -0.670683
7.750000 -0.648183
7.760000 -0.625551
7.770000 -0.602854
7.780000 -0.580154
7.790000 -0.557514
7.800000 -0.534992
7.810000 -0.512646
7.820000 -0.490528
7.830000 -0.468690
7.840000 -0.447178
7.850000 -0.426037
7.860000 -0.405306
7.870000 -0.385025
7.880000 -0.365224
7.890000 -0.345935
7.900000 -0.327184
7.910000 -0.308994
7.920000 -0.291384
7.930000 -0.274372
7.940000 -0.257967
7.950000 -0.242183
7.960000 -0.227023
7.970000 -0.212493
7.980000 -0.198592
7.990000 -0.185320
8.000000 -0.172672
8.010000 -0.160641
8.020000 -0.149219
8.030000 -0.138398
8.040000 -0.128161
8.050000 -0.118498
8.060000 -0.109392
8.070000 -0.100828
8.080000 -0.092788
8.090000 -0.085254
8.100000 -0.078207
8.110000 -0.071629
8.120000 -0.065498
8.130000 -0.059796
8.140000 -0.054501
8.150000 -0.049594
8.160000 -0.045055
8.170000 -0.040864
8.180000 -0.037001
8.190000 -0.033448
8.200000 -0.030185
8.210000 -0.027195
8.220000 -0.024459
8.230000 -0.021961
8.240000 -0.019684
8.250000 -0.017613
8.260000 -0.015732
8.270000 -0.014028
8.280000 -0.012486
8.290000 -0.011094
8.300000 -0.009839
8.310000 -0.008711
8.320000 -0.007698
8.330000 -0.006791
8.340000 -0.005979
8.350000 -0.005255
8.360000 -0.004610
8.370000 -0.004036
8.380000 -0.003527
8.390000 -0.003077
8.400000 -0.002679
8.410000 -0.002327
8.420000 -0.002018
8.430000 -0.001747
8.440000 -0.001509
8.450000 -0.001301
8.460000 -0.001119
8.470000 -0.000961
8.480000 -0.000823
8.490000 -0.000704
8.500000 -0.000601
8.510000 -0.000511
8.520000 -0.000434
8.530000 -0.000368
8.540000 -0.000312
8.550000 -0.000263
8.560000 -0.000221
8.570000 -0.000186
8.580000 -0.000156
8.590000 -0.000131
8.600000 -0.000109
8.610000 -0.000091
8.620000 -0.000075
8.630000 -0.000062
8.640000 -0.000052
8.650000 -0.000043
8.660000 -0.000035
8.670000 -0.000029
8.680000 -0.000024
8.690000 -0.000019
8.700000 -0.000016
8.710000 -0.000013
8.720000 -0.000010
8.730000 -0.000008
8.740000 -0.000007
8.750000 -0.000005
8.760000 -0.000004
8.770000 -0.000003
8.780000 -0.000003
8.790000 -0.000002
8.800000 -0.000002
8.810000 -0.000001
8.820000 -0.000001
8.830000 -0.000001
8.840000 -0.000001
8.850000 -0.000001
8.860000 -0.000000
8.870000 -0.000000
8.880000 -0.000000
8.890000 -0.000000
8.900000 -0.000000
8.910000 -0.000000
8.920000 -0.000000
8.930000 -0.000000
8.940000 -0.000000
8.950000 -0.000000
8.960000 -0.000000
8.970000 -0.000000
8.980000 -0.000000
8.990000 -0.000000
9.000000 -0.000000
9.010000 -0.000000
9.020000 -0.000000
9.030000 -0.000000
9.040000 -0.000000
9.050000 -0.000000
9.060000 -0.000000
9.070000 -0.000000
9.080000 -0.000000
9.090000 -0.000000
9.100000 -0.000000
9.110000 -0.000000
9.120000 -0.000000
9.130000 -0.000000
9.140000 -0.000000
9.150000 -0.000000
9.160000 -0.000000
9.170000 -0.000000
9.180000 -0.000000
9.190000 -0.000000
9.200000 -0.000000
9.210000 -0.000000
9.220000 -0.000000
9.230000 -0.000000
9.240000 -0.000000
9.250000 -0.000000
9.260000 -0.000000
9.270000 -0.000000
9.280000 -0.000000
9.290000 -0.000000
9.300000 -0.000000
9.310000 -0.000000
9.320000 -0.000000
9.330000 -0.000000
9.340000 -0.000000
9.350000 -0.000000
9.360000 -0.000000
9.370000 -0.000000
9.380000 -0.000000
9.390000 -0.000000
9.400000 -0.000000
9.410000 -0.000000
9.420000 -0.000000
9.430000 -0.000000
9.440000 -0.000000
9.450000 -0.000000
9.460000 -0.000000
9.470000 -0.000000
9.480000 -0.000000
9.490000 -0.000000
9.500000 -0.000000
9.510000 -0.000000
9.520000 -0.000000
9.530000 -0.000000
9.540000 -0.000000
9.550000 -0.000000
9.560000 -0.000000
9.570000 -0.000000
9.580000 -0.000000
9.590000 -0.000000
9.600000 -0.000000
9.610000 -0.000000
9.620000 -0.000000
9.630000 -0.000000
9.640000 -0.000000
9.650000 -0.000000
9.660000 -0.000000
9.670000 -0.000000
9.680000 -0.000000
9.690000 -0.000000
9.700000 -0.000000
9.710000 -0.000000
9.720000 -0.000000
9.730000 -0.000000
9.740000 -0.000000
9.750000 -0.000000
9.760000 -0.000000
9.770000 -0.000000
9.780000 -0.000000
9.790000 -0.000000
9.800000 -0.000000
9.810000 -0.000000
9.820000 -0.000000
9.830000 -0.000000
9.840000 -0.000000
9.850000 -0.000000
9.860000 -0.000000
9.870000 -0.000000
9.880000 -0.000000
9.890000 -0.000000
9.900000 -0.000000
9.910000 -0.000000
9.920000 -0.000000
9.930000 -0.000000
9.940000 -0.000000
9.950000 -0.000000
9.960000 -0.000000
9.970000 -0.000000
9.980000 -0.000000
9.990000 -0.000000
10.000000 -0.000000
