0.000000 0.000000
0.010000 0.000000
0.020000 0.000000
0.030000 0.000000
0.040000 0.000000
0.050000 0.000000
0.060000 0.000000
0.070000 0.000000
0.080000 0.000000
0.090000 0.000000
0.100000 0.000000
0.110000 0.000000
0.120000 0.000000
0.130000 0.000000
0.140000 0.000000
0.150000 0.000000
0.160000 0.000000
0.170000 0.000000
0.180000 0.000000
0.190000 0.000000
0.200000 0.000000
0.210000 0.000000
0.220000 0.000000
0.230000 0.000000
0.240000 0.000000
0.250000 0.000000
0.260000 0.000000
0.270000 0.000000
0.280000 0.000000
0.290000 0.000000
0.300000 0.000000
0.310000 0.000000
0.320000 0.000000
0.330000 0.000000
0.340000 0.000000
0.350000 0.000000
0.360000 0.000000
0.370000 0.000000
0.380000 0.000000
0.390000 0.000000
0.400000 0.000000
0.410000 0.000000
0.420000 0.000000
0.430000 0.000000
0.440000 0.000000
0.450000 0.000000
0.460000 0.000000
0.470000 0.000000
0.480000 0.000000
0.490000 0.000000
0.500000 0.000000
0.510000 0.000000
0.520000 0.000000
0.530000 0.000000
0.540000 0.000000
0.550000 0.000000
0.560000 0.000000
0.570000 0.000000
0.580000 0.000000
0.590000 0.000000
0.600000 0.000000
0.610000 0.000000
0.620000 0.000000
0.630000 0.000000
0.640000 0.000000
0.650000 0.000000
0.660000 0.000000
0.670000 0.000000
0.680000 0.000000
0.690000 0.000000
0.700000 0.000000
0.710000 0.000000
0.720000 0.000000
0.730000 0.000000
0.740000 0.000000
0.750000 0.000000
0.760000 0.000000
0.770000 0.000000
0.780000 0.000000
0.790000 0.000000
0.800000 0.000000
0.810000 0.000000
0.820000 0.000000
0.830000 0.000000
0.840000 0.000000
0.850000 0.000000
0.860000 0.000000
0.870000 0.000000
0.880000 0.000000
0.890000 0.000000
0.900000 0.000000
0.910000 0.000000
0.920000 0.000000
0.930000 0.000000
0.940000 0.000000
0.950000 0.000000
0.960000 0.000000
0.970000 0.000000
0.980000 0.000000
0.990000 0.000000
1.000000 0.000000
1.010000 0.000000
1.020000 0.000000
1.030000 0.000000
1.040000 0.000000
1.050000 0.000000
1.060000 0.000000
1.070000 0.000000
1.080000 0.000000
1.090000 0.000000
1.100000 0.000000
1.110000 0.000000
1.120000 0.000000
1.130000 0.000000
1.140000 0.000000
1.150000 0.000000
1.160000 0.000000
1.170000 0.000000
1.180000 0.000000
1.190000 0.000000
1.200000 0.000000
1.210000 0.000000
1.220000 0.000000
1.230000 0.000000
1.240000 0.000000
1.250000 0.000000
1.260000 0.000000
1.270000 0.000000
1.280000 0.000000
1.290000 0.000000
1.300000 0.000000
1.310000 0.000000
1.320000 0.000000
1.330000 0.000000
1.340000 0.000000
1.350000 0.000001
1.360000 0.000001
1.370000 0.000001
1.380000 0.000001
1.390000 0.000002
1.400000 0.000002
1.410000 0.000003
1.420000 0.000004
1.430000 0.000005
1.440000 0.000006
1.450000 0.000008
1.460000 0.000010
1.470000 0.000012
1.480000 0.000016
1.490000 0.000020
1.500000 0.000025
1.510000 0.000031
1.520000 0.000039
1.530000 0.000049
1.540000 0.000061
1.550000 0.000075
1.560000 0.000093
1.570000 0.000115
1.580000 0.000141
1.590000 0.000173
1.600000 0.000212
1.610000 0.000258
1.620000 0.000314
1.630000 0.000380
1.640000 0.000460
1.650000 0.000554
1.660000 0.000666
1.670000 0.000799
1.680000 0.000956
1.690000 0.001141
1.700000 0.001358
1.710000 0.001612
1.720000 0.001908
1.730000 0.002253
1.740000 0.002655
1.750000 0.003119
1.760000 0.003656
1.770000 0.004275
1.780000 0.004986
1.790000 0.005802
1.800000 0.006734
1.810000 0.007798
1.820000 0.009007
1.830000 0.010380
1.840000 0.011934
1.850000 0.013688
1.860000 0.015663
1.870000 0.017881
1.880000 0.020366
1.890000 0.023143
1.900000 0.026238
1.910000 0.029679
1.920000 0.033496
1.930000 0.037718
1.940000 0.042376
1.950000 0.047504
1.960000 0.053133
1.970000 0.059298
1.980000 0.066032
1.990000 0.073369
2.000000 0.081342
2.010000 0.089986
2.020000 0.099332
2.030000 0.109411
2.040000 0.120254
2.050000 0.131887
2.060000 0.144337
2.070000 0.157625
2.080000 0.171772
2.090000 0.186791
2.100000 0.202696
2.110000 0.219493
2.120000 0.237183
2.130000 0.255765
2.140000 0.275227
2.150000 0.295556
2.160000 0.316728
2.170000 0.338717
2.180000 0.361486
2.190000 0.384994
2.200000 0.409190
2.210000 0.434019
2.220000 0.459415
2.230000 0.485308
2.240000 0.511620
2.250000 0.538265
2.260000 0.565154
2.270000 0.592189
2.280000 0.619267
2.290000 0.646282
2.300000 0.673123
2.310000 0.699673
2.320000 0.725815
2.330000 0.751431
2.340000 0.776399
2.350000 0.800598
2.360000 0.823910
2.370000 0.846214
2.380000 0.867398
2.390000 0.887349
2.400000 0.905959
2.410000 0.923129
2.420000 0.938763
2.430000 0.952775
2.440000 0.965085
2.450000 0.975624
2.460000 0.984331
2.470000 0.991156
2.480000 0.996060
2.490000 0.999014
2.500000 1.000000
2.510000 0.999014
2.520000 0.996060
2.530000 0.991156
2.540000 0.984331
2.550000 0.975624
2.560000 0.965085
2.570000 0.952775
2.580000 0.938763
2.590000 0.923129
2.600000 0.905959
2.610000 0.887349
2.620000 0.867398
2.630000 0.846214
2.640000 0.823910
2.650000 0.800598
2.660000 0.776399
2.670000 0.751431
2.680000 0.725815
2.690000 0.699673
2.700000 0.673123
2.710000 0.646282
2.720000 0.619267
2.730000 0.592189
2.740000 0.565154
2.750000 0.538265
2.760000 0.511620
2.770000 0.485308
2.780000 0.459415
2.790000 0.434019
2.800000 0.409190
2.810000 0.384994
2.820000 0.361486
2.830000 0.338717
2.840000 0.316728
2.850000 0.295556
2.860000 0.275227
2.870000 0.255765
2.880000 0.237183
2.890000 0.219493
2.900000 0.202696
2.910000 0.186791
2.920000 0.171772
2.930000 0.157625
2.940000 0.144337
2.950000 0.131887
2.960000 0.120254
2.970000 0.109411
2.980000 0.099332
2.990000 0.089986
3.000000 0.081342
3.010000 0.073369
3.020000 0.066032
3.030000 0.059298
3.040000 0.053133
3.050000 0.047504
3.060000 0.042376
3.070000 0.037718
3.080000 0.033496
3.090000 0.029679
3.100000 0.026238
3.110000 0.023143
3.120000 0.020366
3.130000 0.017881
3.140000 0.015663
3.150000 0.013688
3.160000 0.011934
3.170000 0.010380
3.180000 0.009007
3.190000 0.007798
3.200000 0.006734
3.210000 0.005802
3.220000 0.004986
3.230000 0.004275
3.240000 0.003656
3.250000 0.003119
3.260000 0.002655
3.270000 0.002253
3.280000 0.001908
3.290000 0.001612
3.300000 0.001358
3.310000 0.001141
3.320000 0.000956
3.330000 0.000799
3.340000 0.000666
3.350000 0.000554
3.360000 0.000460
3.370000 0.000380
3.380000 0.000314
3.390000 0.000258
3.400000 0.000212
3.410000 0.000173
3.420000 0.000141
3.430000 0.000115
3.440000 0.000093
3.450000 0.000075
3.460000 0.000061
3.470000 0.000049
3.480000 0.000039
3.490000 0.000031
3.500000 0.000025
3.510000 0.000020
3.520000 0.000016
3.530000 0.000012
3.540000 0.000010
3.550000 0.000008
3.560000 0.000006
3.570000 0.000005
3.580000 0.000004
3.590000 0.000003
3.600000 0.000002
3.610000 0.000002
3.620000 0.000001
3.630000 0.000001
3.640000 0.000001
3.650000 0.000001
3.660000 0.000000
3.670000 0.000000
3.680000 0.000000
3.690000 0.000000
3.700000 0.000000
3.710000 0.000000
3.720000 0.000000
3.730000 0.000000
3.740000 0.000000
3.750000 0.000000
3.760000 0.000000
3.770000 0.000000
3.780000 0.000000
3.790000 0.000000
3.800000 0.000000
3.810000 0.000000
3.820000 0.000000
3.830000 0.000000
3.840000 0.000000
3.850000 0.000000
3.860000 0.000000
3.870000 0.000000
3.880000 0.000000
3.890000 0.000000
3.900000 0.000000
3.910000 0.000000
3.920000 0.000000
3.930000 0.000000
3.940000 0.000000
3.950000 0.000000
3.960000 0.000000
3.970000 0.000000
3.980000 0.000000
3.990000 0.000000
4.000000 0.000000
4.010000 0.000000
4.020000 0.000000
4.030000 0.000000
4.040000 0.000000
4.050000 0.000000
4.060000 0.000000
4.070000 0.000000
4.080000 0.000000
4.090000 0.000000
4.100000 0.000000
4.110000 0.000000
4.120000 0.000000
4.130000 0.000000
4.140000 0.000000
4.150000 0.000000
4.160000 0.000000
4.170000 0.000000
4.180000 0.000000
4.190000 0.000000
4.200000 0.000000
4.210000 0.000000
4.220000 0.000000
4.230000 0.000000
4.240000 0.000000
4.250000 0.000000
4.260000 0.000000
4.270000 0.000000
4.280000 0.000000
4.290000 0.000000
4.300000 0.000000
4.310000 0.000000
4.320000 0.000000
4.330000 0.000000
4.340000 0.000000
4.350000 0.000000
4.360000 0.000000
4.370000 0.000000
4.380000 0.000000
4.390000 0.000000
4.400000 0.000000
4.410000 0.000000
4.420000 0.000000
4.430000 0.000000
4.440000 0.000000
4.450000 0.000000
4.460000 0.000000
4.470000 0.000000
4.480000 0.000000
4.490000 0.000000
4.500000 0.000000
4.510000 0.000000
4.520000 0.000000
4.530000 0.000000
4.540000 0.000000
4.550000 0.000000
4.560000 0.000000
4.570000 0.000000
4.580000 0.000000
4.590000 0.000000
4.600000 0.000000
4.610000 0.000000
4.620000 0.000000
4.630000 0.000000
4.640000 0.000000
4.650000 0.000000
4.660000 0.000000
4.670000 0.000000
4.680000 0.000000
4.690000 0.000000
4.700000 0.000000
4.710000 0.000000
4.720000 0.000000
4.730000 0.000000
4.740000 0.000000
4.750000 0.000000
4.760000 0.000000
4.770000 0.000000
4.780000 0.000000
4.790000 0.000000
4.800000 0.000000
4.810000 0.000000
4.820000 0.000000
4.830000 0.000000
4.840000 0.000000
4.850000 0.000000
4.860000 0.000000
4.870000 0.000000
4.880000 0.000000
4.890000 0.000000
4.900000 0.000000
4.910000 0.000000
4.920000 0.000000
4.930000 0.000000
4.940000 0.000000
4.950000 0.000000
4.960000 0.000000
4.970000 0.000000
4.980000 0.000000
4.990000 0.000000
5.000000 0.000000
5.010000 0.000000
5.020000 0.000000
5.030000 0.000000
5.040000 0.000000
5.050000 0.000000
5.060000 0.000000
5.070000 0.000000
5.080000 0.000000
5.090000 0.000000
5.100000 0.000000
5.110000 0.000000
5.120000 0.000000
5.130000 0.000000
5.140000 0.000000
5.150000 0.000000
5.160000 0.000000
5.170000 0.000000
5.180000 0.000000
5.190000 0.000000
5.200000 0.000000
5.210000 0.000000
5.220000 0.000000
5.230000 0.000000
5.240000 0.000000
5.250000 0.000000
5.260000 0.000000
5.270000 0.000000
5.280000 0.000000
5.290000 0.000000
5.300000 0.000000
5.310000 0.000000
5.320000 0.000000
5.330000 0.000000
5.340000 0.000000
5.350000 0.000000
5.360000 0.000000
5.370000 0.000000
5.380000 0.000000
5.390000 0.000000
5.400000 0.000000
5.410000 0.000000
5.420000 0.000000
5.430000 0.000000
5.440000 0.000000
5.450000 0.000000
5.460000 0.000000
5.470000 0.000000
5.480000 0.000000
5.490000 0.000000
5.500000 0.000000
5.510000 0.000000
5.520000 0.000000
5.530000 0.000000
5.540000 0.000000
5.550000 0.000000
5.560000 0.000000
5.570000 0.000000
5.580000 0.000000
5.590000 0.000000
5.600000 0.000000
5.610000 0.000000
5.620000 0.000000
5.630000 0.000000
5.640000 0.000000
5.650000 0.000000
5.660000 0.000000
5.670000 0.000000
5.680000 0.000000
5.690000 0.000000
5.700000 0.000000
5.710000 0.000000
5.720000 0.000000
5.730000 0.000000
5.740000 0.000000
5.750000 0.000000
5.760000 0.000000
5.770000 0.000000
5.780000 0.000000
5.790000 0.000000
5.800000 0.000000
5.810000 0.000000
5.820000 0.000000
5.830000 0.000000
5.840000 0.000000
5.850000 0.000000
5.860000 0.000000
5.870000 0.000000
5.880000 0.000000
5.890000 0.000000
5.900000 0.000000
5.910000 0.000000
5.920000 0.000000
5.930000 0.000000
5.940000 0.000000
5.950000 0.000000
5.960000 0.000000
5.970000 0.000000
5.980000 0.000000
5.990000 0.000000
6.000000 0.000000
6.010000 0.000000
6.020000 0.000000
6.030000 0.000000
6.040000 0.000000
6.050000 0.000000
6.060000 0.000000
6.070000 0.000000
6.080000 0.000000
6.090000 0.000000
6.100000 0.000000
6.110000 0.000000
6.120000 0.000000
6.130000 0.000000
6.140000 0.000000
6.150000 0.000000
6.160000 0.000000
6.170000 0.000000
6.180000 0.000000
6.190000 0.000000
6.200000 0.000000
6.210000 0.000000
6.220000 0.000000
6.230000 0.000000
6.240000 0.000000
6.250000 0.000000
6.260000 0.000000
6.270000 0.000000
6.280000 0.000000
6.290000 0.000000
6.300000 0.000000
6.310000 0.000000
6.320000 0.000000
6.330000 0.000000
6.340000 0.000000
6.350000 0.000001
6.360000 0.000001
6.370000 0.000001
6.380000 0.000001
6.390000 0.000002
6.400000 0.000002
6.410000 0.000003
6.420000 0.000004
6.430000 0.000005
6.440000 0.000006
6.450000 0.000008
6.460000 0.000010
6.470000 0.000012
6.480000 0.000016
6.490000 0.000020
6.500000 0.000025
6.510000 0.000031
6.520000 0.000039
6.530000 0.000049
6.540000 0.000061
6.550000 0.000075
6.560000 0.000093
6.570000 0.000115
6.580000 0.000141
6.590000 0.000173
6.600000 0.000212
6.610000 0.000258
6.620000 0.000314
6.630000 0.000380
6.640000 0.000460
6.650000 0.000554
6.660000 0.000666
6.670000 0.000799
6.680000 0.000956
6.690000 0.001141
6.700000 0.001358
6.710000 0.001612
6.720000 0.001908
6.730000 0.002253
6.740000 0.002655
6.750000 0.003119
6.760000 0.003656
6.770000 0.004275
6.780000 0.004986
6.790000 0.005802
6.800000 0.006734
6.810000 0.007798
6.820000 0.009007
6.830000 0.010380
6.840000 0.011934
6.850000 0.013688
6.860000 0.015663
6.870000 0.017881
6.880000 0.020366
6.890000 0.023143
6.900000 0.026238
6.910000 0.029679
6.920000 0.033496
6.930000 0.037718
6.940000 0.042376
6.950000 0.047504
6.960000 0.053133
6.970000 0.059298
6.980000 0.066032
6.990000 0.073368
7.000000 0.081342
7.010000 0.089986
7.020000 0.099332
7.030000 0.109412
7.040000 0.120254
7.050000 0.131888
7.060000 0.144337
7.070000 0.157626
7.080000 0.171772
7.090000 0.186792
7.100000 0.202696
7.110000 0.219493
7.120000 0.237183
7.130000 0.255765
7.140000 0.275227
7.150000 0.295556
7.160000 0.316728
7.170000 0.338717
7.180000 0.361486
7.190000 0.384994
7.200000 0.409190
7.210000 0.434019
7.220000 0.459414
7.230000 0.485308
7.240000 0.511619
7.250000 0.538265
7.260000 0.565155
7.270000 0.592189
7.280000 0.619268
7.290000 0.646282
7.300000 0.673123
7.310000 0.699673
7.320000 0.725816
7.330000 0.751431
7.340000 0.776399
7.350000 0.800598
7.360000 0.823910
7.370000 0.846214
7.380000 0.867398
7.390000 0.887348
7.400000 0.905959
7.410000 0.923129
7.420000 0.938763
7.430000 0.952775
7.440000 0.965085
7.450000 0.975624
7.460000 0.984331
7.470000 0.991156
7.480000 0.996060
7.490000 0.999013
7.500000 1.000000
7.510000 0.999013
7.520000 0.996060
7.530000 0.991156
7.540000 0.984331
7.550000 0.975624
7.560000 0.965085
7.570000 0.952775
7.580000 0.938763
7.590000 0.923129
7.600000 0.905959
7.610000 0.887348
7.620000 0.867398
7.630000 0.846214
7.640000 0.823910
7.650000 0.800598
7.660000 0.776399
7.670000 0.751431
7.680000 0.725816
7.690000 0.699673
7.700000 0.673123
7.710000 0.646282
7.720000 0.619268
7.730000 0.592189
7.740000 0.565155
7.750000 0.538265
7.760000 0.511619
7.770000 0.485308
7.780000 0.459414
7.790000 0.434019
7.800000 0.409190
7.810000 0.384994
7.820000 0.361486
7.830000 0.338717
7.840000 0.316728
7.850000 0.295556
7.860000 0.275227
7.870000 0.255765
7.880000 0.237183
7.890000 0.219493
7.900000 0.202696
7.910000 0.186792
7.920000 0.171772
7.930000 0.157626
7.940000 0.144337
7.950000 0.131888
7.960000 0.120254
7.970000 0.109412
7.980000 0.099332
7.990000 0.089986
8.000000 0.081342
8.010000 0.073368
8.020000 0.066031
8.030000 0.059298
8.040000 0.053133
8.050000 0.047504
8.060000 0.042376
8.070000 0.037718
8.080000 0.033496
8.090000 0.029679
8.100000 0.026238
8.110000 0.023143
8.120000 0.020366
8.130000 0.017881
8.140000 0.015662
8.150000 0.013688
8.160000 0.011934
8.170000 0.010380
8.180000 0.009007
8.190000 0.007798
8.200000 0.006734
8.210000 0.005802
8.220000 0.004986
8.230000 0.004275
8.240000 0.003656
8.250000 0.003119
8.260000 0.002655
8.270000 0.002253
8.280000 0.001908
8.290000 0.001612
8.300000 0.001358
8.310000 0.001141
8.320000 0.000956
8.330000 0.000799
8.340000 0.000666
8.350000 0.000554
8.360000 0.000460
8.370000 0.000380
8.380000 0.000314
8.390000 0.000258
8.400000 0.000212
8.410000 0.000173
8.420000 0.000141
8.430000 0.000115
8.440000 0.000093
8.450000 0.000075
8.460000 0.000061
8.470000 0.000049
8.480000 0.000039
8.490000 0.000031
8.500000 0.000025
8.510000 0.000020
8.520000 0.000016
8.530000 0.000012
8.540000 0.000010
8.550000 0.000008
8.560000 0.000006
8.570000 0.000005
8.580000 0.000004
8.590000 0.000003
8.600000 0.000002
8.610000 0.000002
8.620000 0.000001
8.630000 0.000001
8.640000 0.000001
8.650000 0.000001
8.660000 0.000000
8.670000 0.000000
8.680000 0.000000
8.690000 0.000000
8.700000 0.000000
8.710000 0.000000
8.720000 0.000000
8.730000 0.000000
8.740000 0.000000
8.750000 0.000000
8.760000 0.000000
8.770000 0.000000
8.780000 0.000000
8.790000 0.000000
8.800000 0.000000
8.810000 0.000000
8.820000 0.000000
8.830000 0.000000
8.840000 0.000000
8.850000 0.000000
8.860000 0.000000
8.870000 0.000000
8.880000 0.000000
8.890000 0.000000
8.900000 0.000000
8.910000 0.000000
8.920000 0.000000
8.930000 0.000000
8.940000 0.000000
8.950000 0.000000
8.960000 0.000000
8.970000 0.000000
8.980000 0.000000
8.990000 0.000000
9.000000 0.000000
9.010000 0.000000
9.020000 0.000000
9.030000 0.000000
9.040000 0.000000
9.050000 0.000000
9.060000 0.000000
9.070000 0.000000
9.080000 0.000000
9.090000 0.000000
9.100000 0.000000
9.110000 0.000000
9.120000 0.000000
9.130000 0.000000
9.140000 0.000000
9.150000 0.000000
9.160000 0.000000
9.170000 0.000000
9.180000 0.000000
9.190000 0.000000
9.200000 0.000000
9.210000 0.000000
9.220000 0.000000
9.230000 0.000000
9.240000 0.000000
9.250000 0.000000
9.260000 0.000000
9.270000 0.000000
9.280000 0.000000
9.290000 0.000000
9.300000 0.000000
9.310000 0.000000
9.320000 0.000000
9.330000 0.000000
9.340000 0.000000
9.350000 0.000000
9.360000 0.000000
9.370000 0.000000
9.380000 0.000000
9.390000 0.000000
9.400000 0.000000
9.410000 0.000000
9.420000 0.000000
9.430000 0.000000
9.440000 0.000000
9.450000 0.000000
9.460000 0.000000
9.470000 0.000000
9.480000 0.000000
9.490000 0.000000
9.500000 0.000000
9.510000 0.000000
9.520000 0.000000
9.530000 0.000000
9.540000 0.000000
9.550000 0.000000
9.560000 0.000000
9.570000 0.000000
9.580000 0.000000
9.590000 0.000000
9.600000 0.000000
9.610000 0.000000
9.620000 0.000000
9.630000 0.000000
9.640000 0.000000
9.650000 0.000000
9.660000 0.000000
9.670000 0.000000
9.680000 0.000000
9.690000 0.000000
9.700000 0.000000
9.710000 0.000000
9.720000 0.000000
9.730000 0.000000
9.740000 0.000000
9.750000 0.000000
9.760000 0.000000
9.770000 0.000000
9.780000 0.000000
9.790000 0.000000
9.800000 0.000000
9.810000 0.000000
9.820000 0.000000
9.830000 0.000000
9.840000 0.000000
9.850000 0.000000
9.860000 0.000000
9.870000 0.000000
9.880000 0.000000
9.890000 0.000000
9.900000 0.000000
9.910000 0.000000
9.920000 0.000000
9.930000 0.000000
9.940000 0.000000
9.950000 0.000000
9.960000 0.000000
9.970000 0.000000
9.980000 0.000000
9.990000 0.000000
10.000000 0.000000
