0.000000 0.000000
0.010000 0.000000
0.020000 0.000000
0.030000 0.000000
0.040000 0.000000
0.050000 0.000000
0.060000 0.000000
0.070000 0.000000
0.080000 0.000000
0.090000 0.000000
0.100000 0.000000
0.110000 0.000000
0.120000 0.000000
0.130000 0.000000
0.140000 0.000000
0.150000 0.000000
0.160000 0.000000
0.170000 0.000000
0.180000 0.000000
0.190000 0.000000
0.200000 0.000000
0.210000 0.000000
0.220000 0.000000
0.230000 0.000000
0.240000 0.000000
0.250000 0.000000
0.260000 0.000000
0.270000 0.000000
0.280000 0.000000
0.290000 0.000000
0.300000 0.000000
0.310000 0.000000
0.320000 0.000000
0.330000 0.000000
0.340000 0.000000
0.350000 0.000000
0.360000 0.000000
0.370000 0.000000
0.380000 0.000000
0.390000 0.000000
0.400000 0.000000
0.410000 0.000000
0.420000 0.000000
0.430000 0.000000
0.440000 0.000000
0.450000 0.000000
0.460000 0.000000
0.470000 0.000000
0.480000 0.000000
0.490000 0.000000
0.500000 0.000000
0.510000 0.000000
0.520000 0.000000
0.530000 0.000000
0.540000 0.000000
0.550000 0.000000
0.560000 0.000000
0.570000 0.000000
0.580000 0.000000
0.590000 0.000000
0.600000 0.000000
0.610000 0.000000
0.620000 0.000000
0.630000 0.000000
0.640000 0.000000
0.650000 0.000000
0.660000 0.000000
0.670000 0.000000
0.680000 0.000000
0.690000 0.000000
0.700000 0.000000
0.710000 0.000000
0.720000 0.000000
0.730000 0.000000
0.740000 0.000000
0.750000 0.000000
0.760000 0.000000
0.770000 0.000000
0.780000 0.000000
0.790000 0.000000
0.800000 0.000000
0.810000 0.000001
0.820000 0.000001
0.830000 0.000001
0.840000 0.000001
0.850000 0.000001
0.860000 0.000002
0.870000 0.000002
0.880000 0.000003
0.890000 0.000003
0.900000 0.000004
0.910000 0.000005
0.920000 0.000006
0.930000 0.000007
0.940000 0.000008
0.950000 0.000010
0.960000 0.000012
0.970000 0.000014
0.980000 0.000017
0.990000 0.000020
1.000000 0.000024
1.010000 0.000029
1.020000 0.000034
1.030000 0.000040
1.040000 0.000048
1.050000 0.000056
1.060000 0.000066
1.070000 0.000077
1.080000 0.000090
1.090000 0.000105
1.100000 0.000123
1.110000 0.000143
1.120000 0.000166
1.130000 0.000192
1.140000 0.000222
1.150000 0.000256
1.160000 0.000295
1.170000 0.000339
1.180000 0.000389
1.190000 0.000446
1.200000 0.000511
1.210000 0.000583
1.220000 0.000665
1.230000 0.000757
1.240000 0.000861
1.250000 0.000977
1.260000 0.001106
1.270000 0.001252
1.280000 0.001414
1.290000 0.001594
1.300000 0.001795
1.310000 0.002019
1.320000 0.002267
1.330000 0.002541
1.340000 0.002845
1.350000 0.003181
1.360000 0.003551
1.370000 0.003958
1.380000 0.004407
1.390000 0.004900
1.400000 0.005440
1.410000 0.006032
1.420000 0.006680
1.430000 0.007387
1.440000 0.008159
1.450000 0.009000
1.460000 0.009915
1.470000 0.010910
1.480000 0.011989
1.490000 0.013159
1.500000 0.014426
1.510000 0.015796
1.520000 0.017275
1.530000 0.018870
1.540000 0.020588
1.550000 0.022437
1.560000 0.024423
1.570000 0.026554
1.580000 0.028839
1.590000 0.031286
1.600000 0.033902
1.610000 0.036696
1.620000 0.039677
1.630000 0.042853
1.640000 0.046233
1.650000 0.049826
1.660000 0.053642
1.670000 0.057689
1.680000 0.061975
1.690000 0.066511
1.700000 0.071305
1.710000 0.076366
1.720000 0.081703
1.730000 0.087324
1.740000 0.093238
1.750000 0.099453
1.760000 0.105976
1.770000 0.112816
1.780000 0.119980
1.790000 0.127474
1.800000 0.135304
1.810000 0.143477
1.820000 0.151999
1.830000 0.160872
1.840000 0.170103
1.850000 0.179693
1.860000 0.189647
1.870000 0.199965
1.880000 0.210649
1.890000 0.221699
1.900000 0.233115
1.910000 0.244896
1.920000 0.257037
1.930000 0.269537
1.940000 0.282390
1.950000 0.295592
1.960000 0.309134
1.970000 0.323010
1.980000 0.337211
1.990000 0.351726
2.000000 0.366544
2.010000 0.381654
2.020000 0.397041
2.030000 0.412691
2.040000 0.428588
2.050000 0.444715
2.060000 0.461053
2.070000 0.477585
2.080000 0.494289
2.090000 0.511143
2.100000 0.528127
2.110000 0.545215
2.120000 0.562385
2.130000 0.579611
2.140000 0.596866
2.150000 0.614123
2.160000 0.631357
2.170000 0.648537
2.180000 0.665636
2.190000 0.682624
2.200000 0.699472
2.210000 0.716149
2.220000 0.732625
2.230000 0.748871
2.240000 0.764855
2.250000 0.780546
2.260000 0.795915
2.270000 0.810931
2.280000 0.825565
2.290000 0.839787
2.300000 0.853567
2.310000 0.866878
2.320000 0.879692
2.330000 0.891981
2.340000 0.903720
2.350000 0.914884
2.360000 0.925448
2.370000 0.935389
2.380000 0.944686
2.390000 0.953318
2.400000 0.961266
2.410000 0.968512
2.420000 0.975040
2.430000 0.980835
2.440000 0.985885
2.450000 0.990177
2.460000 0.993703
2.470000 0.996453
2.480000 0.998422
2.490000 0.999605
2.500000 1.000000
2.510000 0.999605
2.520000 0.998422
2.530000 0.996453
2.540000 0.993703
2.550000 0.990177
2.560000 0.985885
2.570000 0.980835
2.580000 0.975040
2.590000 0.968512
2.600000 0.961266
2.610000 0.953318
2.620000 0.944686
2.630000 0.935389
2.640000 0.925448
2.650000 0.914884
2.660000 0.903720
2.670000 0.891981
2.680000 0.879692
2.690000 0.866878
2.700000 0.853567
2.710000 0.839787
2.720000 0.825565
2.730000 0.810931
2.740000 0.795915
2.750000 0.780546
2.760000 0.764855
2.770000 0.748871
2.780000 0.732625
2.790000 0.716149
2.800000 0.699472
2.810000 0.682624
2.820000 0.665636
2.830000 0.648537
2.840000 0.631357
2.850000 0.614123
2.860000 0.596866
2.870000 0.579611
2.880000 0.562385
2.890000 0.545215
2.900000 0.528127
2.910000 0.511143
2.920000 0.494289
2.930000 0.477585
2.940000 0.461053
2.950000 0.444715
2.960000 0.428588
2.970000 0.412691
2.980000 0.397041
2.990000 0.381654
3.000000 0.366544
3.010000 0.351726
3.020000 0.337211
3.030000 0.323010
3.040000 0.309134
3.050000 0.295592
3.060000 0.282390
3.070000 0.269537
3.080000 0.257037
3.090000 0.244896
3.100000 0.233116
3.110000 0.221700
3.120000 0.210649
3.130000 0.199965
3.140000 0.189647
3.150000 0.179693
3.160000 0.170103
3.170000 0.160872
3.180000 0.151998
3.190000 0.143477
3.200000 0.135304
3.210000 0.127474
3.220000 0.119980
3.230000 0.112816
3.240000 0.105976
3.250000 0.099453
3.260000 0.093238
3.270000 0.087324
3.280000 0.081703
3.290000 0.076366
3.300000 0.071305
3.310000 0.066511
3.320000 0.061975
3.330000 0.057689
3.340000 0.053642
3.350000 0.049827
3.360000 0.046233
3.370000 0.042853
3.380000 0.039677
3.390000 0.036696
3.400000 0.033902
3.410000 0.031286
3.420000 0.028839
3.430000 0.026554
3.440000 0.024423
3.450000 0.022437
3.460000 0.020588
3.470000 0.018870
3.480000 0.017275
3.490000 0.015796
3.500000 0.014426
3.510000 0.013159
3.520000 0.011989
3.530000 0.010910
3.540000 0.009915
3.550000 0.009000
3.560000 0.008159
3.570000 0.007387
3.580000 0.006680
3.590000 0.006032
3.600000 0.005440
3.610000 0.004900
3.620000 0.004407
3.630000 0.003958
3.640000 0.003551
3.650000 0.003181
3.660000 0.002845
3.670000 0.002541
3.680000 0.002267
3.690000 0.002019
3.700000 0.001795
3.710000 0.001594
3.720000 0.001414
3.730000 0.001252
3.740000 0.001106
3.750000 0.000977
3.760000 0.000861
3.770000 0.000757
3.780000 0.000665
3.790000 0.000583
3.800000 0.000511
3.810000 0.000446
3.820000 0.000389
3.830000 0.000339
3.840000 0.000295
3.850000 0.000256
3.860000 0.000222
3.870000 0.000192
3.880000 0.000166
3.890000 0.000143
3.900000 0.000123
3.910000 0.000105
3.920000 0.000090
3.930000 0.000077
3.940000 0.000066
3.950000 0.000056
3.960000 0.000048
3.970000 0.000040
3.980000 0.000034
3.990000 0.000029
4.000000 0.000024
4.010000 0.000020
4.020000 0.000017
4.030000 0.000014
4.040000 0.000012
4.050000 0.000010
4.060000 0.000008
4.070000 0.000007
4.080000 0.000006
4.090000 0.000005
4.100000 0.000004
4.110000 0.000003
4.120000 0.000003
4.130000 0.000002
4.140000 0.000002
4.150000 0.000001
4.160000 0.000001
4.170000 0.000001
4.180000 0.000001
4.190000 0.000001
4.200000 0.000000
4.210000 0.000000
4.220000 0.000000
4.230000 0.000000
4.240000 0.000000
4.250000 0.000000
4.260000 0.000000
4.270000 0.000000
4.280000 0.000000
4.290000 0.000000
4.300000 0.000000
4.310000 0.000000
4.320000 0.000000
4.330000 0.000000
4.340000 0.000000
4.350000 0.000000
4.360000 0.000000
4.370000 0.000000
4.380000 0.000000
4.390000 0.000000
4.400000 0.000000
4.410000 0.000000
4.420000 0.000000
4.430000 0.000000
4.440000 0.000000
4.450000 0.000000
4.460000 0.000000
4.470000 0.000000
4.480000 0.000000
4.490000 0.000000
4.500000 0.000000
4.510000 0.000000
4.520000 0.000000
4.530000 0.000000
4.540000 0.000000
4.550000 0.000000
4.560000 0.000000
4.570000 0.000000
4.580000 0.000000
4.590000 0.000000
4.600000 0.000000
4.610000 0.000000
4.620000 0.000000
4.630000 0.000000
4.640000 0.000000
4.650000 0.000000
4.660000 0.000000
4.670000 0.000000
4.680000 0.000000
4.690000 0.000000
4.700000 0.000000
4.710000 0.000000
4.720000 0.000000
4.730000 0.000000
4.740000 0.000000
4.750000 0.000000
4.760000 0.000000
4.770000 0.000000
4.780000 0.000000
4.790000 0.000000
4.800000 0.000000
4.810000 0.000000
4.820000 0.000000
4.830000 0.000000
4.840000 0.000000
4.850000 0.000000
4.860000 0.000000
4.870000 0.000000
4.880000 0.000000
4.890000 0.000000
4.900000 0.000000
4.910000 0.000000
4.920000 0.000000
4.930000 0.000000
4.940000 0.000000
4.950000 0.000000
4.960000 0.000000
4.970000 0.000000
4.980000 0.000000
4.990000 0.000000
5.000000 0.000000
5.010000 0.000000
5.020000 0.000000
5.030000 0.000000
5.040000 0.000000
5.050000 0.000000
5.060000 0.000000
5.070000 0.000000
5.080000 0.000000
5.090000 0.000000
5.100000 0.000000
5.110000 0.000000
5.120000 0.000000
5.130000 0.000000
5.140000 0.000000
5.150000 0.000000
5.160000 0.000000
5.170000 0.000000
5.180000 0.000000
5.190000 0.000000
5.200000 0.000000
5.210000 0.000000
5.220000 0.000000
5.230000 0.000000
5.240000 0.000000
5.250000 0.000000
5.260000 0.000000
5.270000 0.000000
5.280000 0.000000
5.290000 0.000000
5.300000 0.000000
5.310000 0.000000
5.320000 0.000000
5.330000 0.000000
5.340000 0.000000
5.350000 0.000000
5.360000 0.000000
5.370000 0.000000
5.380000 0.000000
5.390000 0.000000
5.400000 0.000000
5.410000 0.000000
5.420000 0.000000
5.430000 0.000000
5.440000 0.000000
5.450000 0.000000
5.460000 0.000000
5.470000 0.000000
5.480000 0.000000
5.490000 0.000000
5.500000 0.000000
5.510000 0.000000
5.520000 0.000000
5.530000 0.000000
5.540000 0.000000
5.550000 0.000000
5.560000 0.000000
5.570000 0.000000
5.580000 0.000000
5.590000 0.000000
5.600000 0.000000
5.610000 0.000000
5.620000 0.000000
5.630000 0.000000
5.640000 0.000000
5.650000 0.000000
5.660000 0.000000
5.670000 0.000000
5.680000 0.000000
5.690000 0.000000
5.700000 0.000000
5.710000 0.000000
5.720000 0.000000
5.730000 0.000000
5.740000 0.000000
5.750000 0.000000
5.760000 0.000000
5.770000 0.000000
5.780000 0.000000
5.790000 0.000000
5.800000 0.000000
5.810000 0.000001
5.820000 0.000001
5.830000 0.000001
5.840000 0.000001
5.850000 0.000001
5.860000 0.000002
5.870000 0.000002
5.880000 0.000003
5.890000 0.000003
5.900000 0.000004
5.910000 0.000005
5.920000 0.000006
5.930000 0.000007
5.940000 0.000008
5.950000 0.000010
5.960000 0.000012
5.970000 0.000014
5.980000 0.000017
5.990000 0.000020
6.000000 0.000024
6.010000 0.000029
6.020000 0.000034
6.030000 0.000040
6.040000 0.000048
6.050000 0.000056
6.060000 0.000066
6.070000 0.000077
6.080000 0.000090
6.090000 0.000105
6.100000 0.000123
6.110000 0.000143
6.120000 0.000166
6.130000 0.000192
6.140000 0.000222
6.150000 0.000256
6.160000 0.000295
6.170000 0.000339
6.180000 0.000389
6.190000 0.000446
6.200000 0.000511
6.210000 0.000583
6.220000 0.000665
6.230000 0.000757
6.240000 0.000861
6.250000 0.000977
6.260000 0.001106
6.270000 0.001252
6.280000 0.001414
6.290000 0.001594
6.300000 0.001795
6.310000 0.002019
6.320000 0.002267
6.330000 0.002541
6.340000 0.002845
6.350000 0.003181
6.360000 0.003551
6.370000 0.003958
6.380000 0.004407
6.390000 0.004900
6.400000 0.005440
6.410000 0.006032
6.420000 0.006680
6.430000 0.007387
6.440000 0.008159
6.450000 0.009000
6.460000 0.009915
6.470000 0.010910
6.480000 0.011989
6.490000 0.013159
6.500000 0.014426
6.510000 0.015796
6.520000 0.017275
6.530000 0.018870
6.540000 0.020588
6.550000 0.022437
6.560000 0.024423
6.570000 0.026555
6.580000 0.028839
6.590000 0.031286
6.600000 0.033902
6.610000 0.036696
6.620000 0.039677
6.630000 0.042853
6.640000 0.046233
6.650000 0.049827
6.660000 0.053642
6.670000 0.057689
6.680000 0.061975
6.690000 0.066511
6.700000 0.071305
6.710000 0.076366
6.720000 0.081703
6.730000 0.087324
6.740000 0.093238
6.750000 0.099453
6.760000 0.105977
6.770000 0.112816
6.780000 0.119980
6.790000 0.127474
6.800000 0.135304
6.810000 0.143477
6.820000 0.151999
6.830000 0.160872
6.840000 0.170103
6.850000 0.179693
6.860000 0.189647
6.870000 0.199965
6.880000 0.210649
6.890000 0.221699
6.900000 0.233116
6.910000 0.244895
6.920000 0.257037
6.930000 0.269537
6.940000 0.282390
6.950000 0.295591
6.960000 0.309134
6.970000 0.323010
6.980000 0.337211
6.990000 0.351725
7.000000 0.366544
7.010000 0.381654
7.020000 0.397041
7.030000 0.412691
7.040000 0.428588
7.050000 0.444715
7.060000 0.461053
7.070000 0.477585
7.080000 0.494289
7.090000 0.511144
7.100000 0.528127
7.110000 0.545216
7.120000 0.562385
7.130000 0.579611
7.140000 0.596865
7.150000 0.614123
7.160000 0.631356
7.170000 0.648537
7.180000 0.665636
7.190000 0.682624
7.200000 0.699471
7.210000 0.716149
7.220000 0.732625
7.230000 0.748871
7.240000 0.764854
7.250000 0.780546
7.260000 0.795915
7.270000 0.810931
7.280000 0.825565
7.290000 0.839787
7.300000 0.853567
7.310000 0.866878
7.320000 0.879692
7.330000 0.891981
7.340000 0.903720
7.350000 0.914884
7.360000 0.925448
7.370000 0.935389
7.380000 0.944686
7.390000 0.953318
7.400000 0.961266
7.410000 0.968512
7.420000 0.975040
7.430000 0.980835
7.440000 0.985885
7.450000 0.990177
7.460000 0.993703
7.470000 0.996453
7.480000 0.998422
7.490000 0.999605
7.500000 1.000000
7.510000 0.999605
7.520000 0.998422
7.530000 0.996453
7.540000 0.993703
7.550000 0.990177
7.560000 0.985885
7.570000 0.980835
7.580000 0.975040
7.590000 0.968512
7.600000 0.961266
7.610000 0.953318
7.620000 0.944686
7.630000 0.935389
7.640000 0.925448
7.650000 0.914884
7.660000 0.903720
7.670000 0.891981
7.680000 0.879692
7.690000 0.866878
7.700000 0.853567
7.710000 0.839787
7.720000 0.825565
7.730000 0.810931
7.740000 0.795915
7.750000 0.780546
7.760000 0.764854
7.770000 0.748871
7.780000 0.732625
7.790000 0.716149
7.800000 0.699471
7.810000 0.682624
7.820000 0.665636
7.830000 0.648537
7.840000 0.631356
7.850000 0.614123
7.860000 0.596865
7.870000 0.579611
7.880000 0.562385
7.890000 0.545216
7.900000 0.528127
7.910000 0.511144
7.920000 0.494289
7.930000 0.477585
7.940000 0.461053
7.950000 0.444715
7.960000 0.428588
7.970000 0.412691
7.980000 0.397041
7.990000 0.381654
8.000000 0.366544
8.010000 0.351725
8.020000 0.337210
8.030000 0.323010
8.040000 0.309134
8.050000 0.295591
8.060000 0.282390
8.070000 0.269537
8.080000 0.257037
8.090000 0.244895
8.100000 0.233115
8.110000 0.221700
8.120000 0.210649
8.130000 0.199965
8.140000 0.189646
8.150000 0.179694
8.160000 0.170103
8.170000 0.160872
8.180000 0.151998
8.190000 0.143478
8.200000 0.135304
8.210000 0.127474
8.220000 0.119980
8.230000 0.112817
8.240000 0.105977
8.250000 0.099453
8.260000 0.093238
8.270000 0.087324
8.280000 0.081703
8.290000 0.076366
8.300000 0.071305
8.310000 0.066511
8.320000 0.061976
8.330000 0.057689
8.340000 0.053642
8.350000 0.049826
8.360000 0.046233
8.370000 0.042853
8.380000 0.039677
8.390000 0.036696
8.400000 0.033902
8.410000 0.031286
8.420000 0.028839
8.430000 0.026554
8.440000 0.024423
8.450000 0.022437
8.460000 0.020588
8.470000 0.018870
8.480000 0.017275
8.490000 0.015796
8.500000 0.014426
8.510000 0.013159
8.520000 0.011989
8.530000 0.010910
8.540000 0.009915
8.550000 0.009000
8.560000 0.008159
8.570000 0.007387
8.580000 0.006680
8.590000 0.006032
8.600000 0.005440
8.610000 0.004900
8.620000 0.004407
8.630000 0.003958
8.640000 0.003551
8.650000 0.003181
8.660000 0.002845
8.670000 0.002541
8.680000 0.002267
8.690000 0.002019
8.700000 0.001795
8.710000 0.001594
8.720000 0.001414
8.730000 0.001252
8.740000 0.001106
8.750000 0.000977
8.760000 0.000861
8.770000 0.000757
8.780000 0.000665
8.790000 0.000583
8.800000 0.000511
8.810000 0.000446
8.820000 0.000389
8.830000 0.000339
8.840000 0.000295
8.850000 0.000256
8.860000 0.000222
8.870000 0.000192
8.880000 0.000166
8.890000 0.000143
8.900000 0.000123
8.910000 0.000105
8.920000 0.000090
8.930000 0.000077
8.940000 0.000066
8.950000 0.000056
8.960000 0.000048
8.970000 0.000040
8.980000 0.000034
8.990000 0.000029
9.000000 0.000024
9.010000 0.000020
9.020000 0.000017
9.030000 0.000014
9.040000 0.000012
9.050000 0.000010
9.060000 0.000008
9.070000 0.000007
9.080000 0.000006
9.090000 0.000005
9.100000 0.000004
9.110000 0.000003
9.120000 0.000003
9.130000 0.000002
9.140000 0.000002
9.150000 0.000001
9.160000 0.000001
9.170000 0.000001
9.180000 0.000001
9.190000 0.000001
9.200000 0.000000
9.210000 0.000000
9.220000 0.000000
9.230000 0.000000
9.240000 0.000000
9.250000 0.000000
9.260000 0.000000
9.270000 0.000000
9.280000 0.000000
9.290000 0.000000
9.300000 0.000000
9.310000 0.000000
9.320000 0.000000
9.330000 0.000000
9.340000 0.000000
9.350000 0.000000
9.360000 0.000000
9.370000 0.000000
9.380000 0.000000
9.390000 0.000000
9.400000 0.000000
9.410000 0.000000
9.420000 0.000000
9.430000 0.000000
9.440000 0.000000
9.450000 0.000000
9.460000 0.000000
9.470000 0.000000
9.480000 0.000000
9.490000 0.000000
9.500000 0.000000
9.510000 0.000000
9.520000 0.000000
9.530000 0.000000
9.540000 0.000000
9.550000 0.000000
9.560000 0.000000
9.570000 0.000000
9.580000 0.000000
9.590000 0.000000
9.600000 0.000000
9.610000 0.000000
9.620000 0.000000
9.630000 0.000000
9.640000 0.000000
9.650000 0.000000
9.660000 0.000000
9.670000 0.000000
9.680000 0.000000
9.690000 0.000000
9.700000 0.000000
9.710000 0.000000
9.720000 0.000000
9.730000 0.000000
9.740000 0.000000
9.750000 0.000000
9.760000 0.000000
9.770000 0.000000
9.780000 0.000000
9.790000 0.000000
9.800000 0.000000
9.810000 0.000000
9.820000 0.000000
9.830000 0.000000
9.840000 0.000000
9.850000 0.000000
9.860000 0.000000
9.870000 0.000000
9.880000 0.000000
9.890000 0.000000
9.900000 0.000000
9.910000 0.000000
9.920000 0.000000
9.930000 0.000000
9.940000 0.000000
9.950000 0.000000
9.960000 0.000000
9.970000 0.000000
9.980000 0.000000
9.990000 0.000000
10.000000 0.000000
