0.000000 0.000000
0.010000 0.000000
0.020000 0.000000
0.030000 0.000000
0.040000 0.000000
0.050000 0.000000
0.060000 0.000000
0.070000 0.000000
0.080000 0.000000
0.090000 0.000000
0.100000 0.000000
0.110000 0.000000
0.120000 0.000000
0.130000 0.000000
0.140000 0.000000
0.150000 0.000000
0.160000 0.000000
0.170000 0.000000
0.180000 0.000000
0.190000 0.000000
0.200000 0.000000
0.210000 0.000000
0.220000 0.000000
0.230000 0.000000
0.240000 0.000000
0.250000 0.000000
0.260000 0.000000
0.270000 0.000000
0.280000 0.000000
0.290000 0.000000
0.300000 0.000000
0.310000 0.000000
0.320000 0.000000
0.330000 0.000000
0.340000 0.000000
0.350000 0.000000
0.360000 0.000000
0.370000 0.000000
0.380000 0.000000
0.390000 0.000000
0.400000 0.000000
0.410000 0.000000
0.420000 0.000000
0.430000 0.000000
0.440000 0.000000
0.450000 0.000000
0.460000 0.000000
0.470000 0.000000
0.480000 0.000000
0.490000 0.000000
0.500000 0.000000
0.510000 0.000000
0.520000 0.000000
0.530000 0.000000
0.540000 0.000000
0.550000 0.000000
0.560000 0.000000
0.570000 0.000000
0.580000 0.000000
0.590000 0.000000
0.600000 0.000000
0.610000 0.000000
0.620000 0.000000
0.630000 0.000000
0.640000 0.000000
0.650000 0.000000
0.660000 0.000000
0.670000 0.000000
0.680000 0.000000
0.690000 0.000000
0.700000 0.000000
0.710000 0.000000
0.720000 0.000000
0.730000 0.000000
0.740000 0.000000
0.750000 0.000000
0.760000 0.000000
0.770000 0.000000
0.780000 0.000000
0.790000 0.000000
0.800000 0.000000
0.810000 0.000000
0.820000 0.000000
0.830000 0.000000
0.840000 0.000000
0.850000 0.000000
0.860000 0.000000
0.870000 0.000000
0.880000 0.000000
0.890000 0.000000
0.900000 0.000000
0.910000 0.000000
0.920000 0.000000
0.930000 0.000000
0.940000 0.000000
0.950000 0.000000
0.960000 0.000000
0.970000 0.000000
0.980000 0.000000
0.990000 0.000000
1.000000 0.000000
1.010000 0.000000
1.020000 0.000000
1.030000 0.000000
1.040000 0.000000
1.050000 0.000000
1.060000 0.000000
1.070000 0.000000
1.080000 0.000000
1.090000 0.000000
1.100000 0.000000
1.110000 0.000000
1.120000 0.000001
1.130000 0.000001
1.140000 0.000001
1.150000 0.000001
1.160000 0.000001
1.170000 0.000002
1.180000 0.000002
1.190000 0.000003
1.200000 0.000004
1.210000 0.000005
1.220000 0.000006
1.230000 0.000007
1.240000 0.000009
1.250000 0.000011
1.260000 0.000013
1.270000 0.000016
1.280000 0.000020
1.290000 0.000024
1.300000 0.000029
1.310000 0.000036
1.320000 0.000043
1.330000 0.000052
1.340000 0.000063
1.350000 0.000076
1.360000 0.000091
1.370000 0.000109
1.380000 0.000130
1.390000 0.000154
1.400000 0.000184
1.410000 0.000218
1.420000 0.000258
1.430000 0.000304
1.440000 0.000358
1.450000 0.000421
1.460000 0.000494
1.470000 0.000579
1.480000 0.000676
1.490000 0.000788
1.500000 0.000917
1.510000 0.001066
1.520000 0.001235
1.530000 0.001429
1.540000 0.001650
1.550000 0.001901
1.560000 0.002187
1.570000 0.002511
1.580000 0.002877
1.590000 0.003291
1.600000 0.003757
1.610000 0.004282
1.620000 0.004871
1.630000 0.005531
1.640000 0.006269
1.650000 0.007093
1.660000 0.008011
1.670000 0.009032
1.680000 0.010166
1.690000 0.011423
1.700000 0.012813
1.710000 0.014348
1.720000 0.016040
1.730000 0.017901
1.740000 0.019945
1.750000 0.022185
1.760000 0.024637
1.770000 0.027316
1.780000 0.030236
1.790000 0.033415
1.800000 0.036869
1.810000 0.040616
1.820000 0.044672
1.830000 0.049056
1.840000 0.053786
1.850000 0.058881
1.860000 0.064359
1.870000 0.070238
1.880000 0.076537
1.890000 0.083274
1.900000 0.090467
1.910000 0.098134
1.920000 0.106290
1.930000 0.114953
1.940000 0.124137
1.950000 0.133857
1.960000 0.144126
1.970000 0.154955
1.980000 0.166355
1.990000 0.178335
2.000000 0.190901
2.010000 0.204059
2.020000 0.217810
2.030000 0.232157
2.040000 0.247096
2.050000 0.262624
2.060000 0.278734
2.070000 0.295416
2.080000 0.312657
2.090000 0.330442
2.100000 0.348753
2.110000 0.367568
2.120000 0.386862
2.130000 0.406607
2.140000 0.426772
2.150000 0.447324
2.160000 0.468224
2.170000 0.489432
2.180000 0.510906
2.190000 0.532598
2.200000 0.554461
2.210000 0.576442
2.220000 0.598488
2.230000 0.620542
2.240000 0.642547
2.250000 0.664443
2.260000 0.686167
2.270000 0.707659
2.280000 0.728853
2.290000 0.749685
2.300000 0.770091
2.310000 0.790007
2.320000 0.809367
2.330000 0.828108
2.340000 0.846167
2.350000 0.863483
2.360000 0.879996
2.370000 0.895647
2.380000 0.910383
2.390000 0.924150
2.400000 0.936897
2.410000 0.948578
2.420000 0.959151
2.430000 0.968576
2.440000 0.976817
2.450000 0.983844
2.460000 0.989631
2.470000 0.994154
2.480000 0.997398
2.490000 0.999349
2.500000 1.000000
2.510000 0.999349
2.520000 0.997398
2.530000 0.994154
2.540000 0.989631
2.550000 0.983844
2.560000 0.976817
2.570000 0.968576
2.580000 0.959151
2.590000 0.948578
2.600000 0.936897
2.610000 0.924150
2.620000 0.910383
2.630000 0.895647
2.640000 0.879996
2.650000 0.863483
2.660000 0.846167
2.670000 0.828108
2.680000 0.809367
2.690000 0.790007
2.700000 0.770091
2.710000 0.749685
2.720000 0.728853
2.730000 0.707659
2.740000 0.686167
2.750000 0.664443
2.760000 0.642547
2.770000 0.620542
2.780000 0.598488
2.790000 0.576442
2.800000 0.554461
2.810000 0.532598
2.820000 0.510906
2.830000 0.489432
2.840000 0.468224
2.850000 0.447324
2.860000 0.426772
2.870000 0.406607
2.880000 0.386862
2.890000 0.367568
2.900000 0.348753
2.910000 0.330442
2.920000 0.312657
2.930000 0.295416
2.940000 0.278734
2.950000 0.262624
2.960000 0.247096
2.970000 0.232157
2.980000 0.217810
2.990000 0.204059
3.000000 0.190901
3.010000 0.178335
3.020000 0.166355
3.030000 0.154955
3.040000 0.144126
3.050000 0.133857
3.060000 0.124137
3.070000 0.114953
3.080000 0.106290
3.090000 0.098134
3.100000 0.090468
3.110000 0.083275
3.120000 0.076537
3.130000 0.070238
3.140000 0.064359
3.150000 0.058881
3.160000 0.053786
3.170000 0.049056
3.180000 0.044672
3.190000 0.040616
3.200000 0.036869
3.210000 0.033415
3.220000 0.030236
3.230000 0.027316
3.240000 0.024637
3.250000 0.022185
3.260000 0.019945
3.270000 0.017901
3.280000 0.016040
3.290000 0.014348
3.300000 0.012813
3.310000 0.011423
3.320000 0.010166
3.330000 0.009032
3.340000 0.008011
3.350000 0.007093
3.360000 0.006269
3.370000 0.005531
3.380000 0.004871
3.390000 0.004282
3.400000 0.003757
3.410000 0.003291
3.420000 0.002877
3.430000 0.002511
3.440000 0.002187
3.450000 0.001901
3.460000 0.001650
3.470000 0.001429
3.480000 0.001235
3.490000 0.001066
3.500000 0.000917
3.510000 0.000788
3.520000 0.000676
3.530000 0.000579
3.540000 0.000494
3.550000 0.000421
3.560000 0.000358
3.570000 0.000304
3.580000 0.000258
3.590000 0.000218
3.600000 0.000184
3.610000 0.000154
3.620000 0.000130
3.630000 0.000109
3.640000 0.000091
3.650000 0.000076
3.660000 0.000063
3.670000 0.000052
3.680000 0.000043
3.690000 0.000036
3.700000 0.000029
3.710000 0.000024
3.720000 0.000020
3.730000 0.000016
3.740000 0.000013
3.750000 0.000011
3.760000 0.000009
3.770000 0.000007
3.780000 0.000006
3.790000 0.000005
3.800000 0.000004
3.810000 0.000003
3.820000 0.000002
3.830000 0.000002
3.840000 0.000001
3.850000 0.000001
3.860000 0.000001
3.870000 0.000001
3.880000 0.000001
3.890000 0.000000
3.900000 0.000000
3.910000 0.000000
3.920000 0.000000
3.930000 0.000000
3.940000 0.000000
3.950000 0.000000
3.960000 0.000000
3.970000 0.000000
3.980000 0.000000
3.990000 0.000000
4.000000 0.000000
4.010000 0.000000
4.020000 0.000000
4.030000 0.000000
4.040000 0.000000
4.050000 0.000000
4.060000 0.000000
4.070000 0.000000
4.080000 0.000000
4.090000 0.000000
4.100000 0.000000
4.110000 0.000000
4.120000 0.000000
4.130000 0.000000
4.140000 0.000000
4.150000 0.000000
4.160000 0.000000
4.170000 0.000000
4.180000 0.000000
4.190000 0.000000
4.200000 0.000000
4.210000 0.000000
4.220000 0.000000
4.230000 0.000000
4.240000 0.000000
4.250000 0.000000
4.260000 0.000000
4.270000 0.000000
4.280000 0.000000
4.290000 0.000000
4.300000 0.000000
4.310000 0.000000
4.320000 0.000000
4.330000 0.000000
4.340000 0.000000
4.350000 0.000000
4.360000 0.000000
4.370000 0.000000
4.380000 0.000000
4.390000 0.000000
4.400000 0.000000
4.410000 0.000000
4.420000 0.000000
4.430000 0.000000
4.440000 0.000000
4.450000 0.000000
4.460000 0.000000
4.470000 0.000000
4.480000 0.000000
4.490000 0.000000
4.500000 0.000000
4.510000 0.000000
4.520000 0.000000
4.530000 0.000000
4.540000 0.000000
4.550000 0.000000
4.560000 0.000000
4.570000 0.000000
4.580000 0.000000
4.590000 0.000000
4.600000 0.000000
4.610000 0.000000
4.620000 0.000000
4.630000 0.000000
4.640000 0.000000
4.650000 0.000000
4.660000 0.000000
4.670000 0.000000
4.680000 0.000000
4.690000 0.000000
4.700000 0.000000
4.710000 0.000000
4.720000 0.000000
4.730000 0.000000
4.740000 0.000000
4.750000 0.000000
4.760000 0.000000
4.770000 0.000000
4.780000 0.000000
4.790000 0.000000
4.800000 0.000000
4.810000 0.000000
4.820000 0.000000
4.830000 0.000000
4.840000 0.000000
4.850000 0.000000
4.860000 0.000000
4.870000 0.000000
4.880000 0.000000
4.890000 0.000000
4.900000 0.000000
4.910000 0.000000
4.920000 0.000000
4.930000 0.000000
4.940000 0.000000
4.950000 0.000000
4.960000 0.000000
4.970000 0.000000
4.980000 0.000000
4.990000 0.000000
5.000000 0.000000
5.010000 -0.000000
5.020000 -0.000000
5.030000 -0.000000
5.040000 -0.000000
5.050000 -0.000000
5.060000 -0.000000
5.070000 -0.000000
5.080000 -0.000000
5.090000 -0.000000
5.100000 -0.000000
5.110000 -0.000000
5.120000 -0.000000
5.130000 -0.000000
5.140000 -0.000000
5.150000 -0.000000
5.160000 -0.000000
5.170000 -0.000000
5.180000 -0.000000
5.190000 -0.000000
5.200000 -0.000000
5.210000 -0.000000
5.220000 -0.000000
5.230000 -0.000000
5.240000 -0.000000
5.250000 -0.000000
5.260000 -0.000000
5.270000 -0.000000
5.280000 -0.000000
5.290000 -0.000000
5.300000 -0.000000
5.310000 -0.000000
5.320000 -0.000000
5.330000 -0.000000
5.340000 -0.000000
5.350000 -0.000000
5.360000 -0.000000
5.370000 -0.000000
5.380000 -0.000000
5.390000 -0.000000
5.400000 -0.000000
5.410000 -0.000000
5.420000 -0.000000
5.430000 -0.000000
5.440000 -0.000000
5.450000 -0.000000
5.460000 -0.000000
5.470000 -0.000000
5.480000 -0.000000
5.490000 -0.000000
5.500000 -0.000000
5.510000 -0.000000
5.520000 -0.000000
5.530000 -0.000000
5.540000 -0.000000
5.550000 -0.000000
5.560000 -0.000000
5.570000 -0.000000
5.580000 -0.000000
5.590000 -0.000000
5.600000 -0.000000
5.610000 -0.000000
5.620000 -0.000000
5.630000 -0.000000
5.640000 -0.000000
5.650000 -0.000000
5.660000 -0.000000
5.670000 -0.000000
5.680000 -0.000000
5.690000 -0.000000
5.700000 -0.000000
5.710000 -0.000000
5.720000 -0.000000
5.730000 -0.000000
5.740000 -0.000000
5.750000 -0.000000
5.760000 -0.000000
5.770000 -0.000000
5.780000 -0.000000
5.790000 -0.000000
5.800000 -0.000000
5.810000 -0.000000
5.820000 -0.000000
5.830000 -0.000000
5.840000 -0.000000
5.850000 -0.000000
5.860000 -0.000000
5.870000 -0.000000
5.880000 -0.000000
5.890000 -0.000000
5.900000 -0.000000
5.910000 -0.000000
5.920000 -0.000000
5.930000 -0.000000
5.940000 -0.000000
5.950000 -0.000000
5.960000 -0.000000
5.970000 -0.000000
5.980000 -0.000000
5.990000 -0.000000
6.000000 -0.000000
6.010000 -0.000000
6.020000 -0.000000
6.030000 -0.000000
6.040000 -0.000000
6.050000 -0.000000
6.060000 -0.000000
6.070000 -0.000000
6.080000 -0.000000
6.090000 -0.000000
6.100000 -0.000000
6.110000 -0.000000
6.120000 -0.000001
6.130000 -0.000001
6.140000 -0.000001
6.150000 -0.000001
6.160000 -0.000001
6.170000 -0.000002
6.180000 -0.000002
6.190000 -0.000003
6.200000 -0.000004
6.210000 -0.000005
6.220000 -0.000006
6.230000 -0.000007
6.240000 -0.000009
6.250000 -0.000011
6.260000 -0.000013
6.270000 -0.000016
6.280000 -0.000020
6.290000 -0.000024
6.300000 -0.000029
6.310000 -0.000036
6.320000 -0.000043
6.330000 -0.000052
6.340000 -0.000063
6.350000 -0.000076
6.360000 -0.000091
6.370000 -0.000109
6.380000 -0.000130
6.390000 -0.000154
6.400000 -0.000184
6.410000 -0.000218
6.420000 -0.000258
6.430000 -0.000304
6.440000 -0.000358
6.450000 -0.000421
6.460000 -0.000494
6.470000 -0.000579
6.480000 -0.000676
6.490000 -0.000788
6.500000 -0.000917
6.510000 -0.001066
6.520000 -0.001235
6.530000 -0.001429
6.540000 -0.001650
6.550000 -0.001901
6.560000 -0.002187
6.570000 -0.002511
6.580000 -0.002877
6.590000 -0.003291
6.600000 -0.003757
6.610000 -0.004282
6.620000 -0.004871
6.630000 -0.005531
6.640000 -0.006269
6.650000 -0.007093
6.660000 -0.008011
6.670000 -0.009032
6.680000 -0.010166
6.690000 -0.011423
6.700000 -0.012813
6.710000 -0.014348
6.720000 -0.016040
6.730000 -0.017901
6.740000 -0.019945
6.750000 -0.022185
6.760000 -0.024638
6.770000 -0.027316
6.780000 -0.030236
6.790000 -0.033415
6.800000 -0.036869
6.810000 -0.040616
6.820000 -0.044672
6.830000 -0.049056
6.840000 -0.053787
6.850000 -0.058881
6.860000 -0.064359
6.870000 -0.070238
6.880000 -0.076537
6.890000 -0.083274
6.900000 -0.090468
6.910000 -0.098134
6.920000 -0.106290
6.930000 -0.114953
6.940000 -0.124137
6.950000 -0.133857
6.960000 -0.144126
6.970000 -0.154955
6.980000 -0.166355
6.990000 -0.178335
7.000000 -0.190901
7.010000 -0.204059
7.020000 -0.217810
7.030000 -0.232157
7.040000 -0.247096
7.050000 -0.262624
7.060000 -0.278734
7.070000 -0.295416
7.080000 -0.312657
7.090000 -0.330443
7.100000 -0.348753
7.110000 -0.367568
7.120000 -0.386862
7.130000 -0.406607
7.140000 -0.426772
7.150000 -0.447324
7.160000 -0.468223
7.170000 -0.489432
7.180000 -0.510905
7.190000 -0.532598
7.200000 -0.554460
7.210000 -0.576442
7.220000 -0.598487
7.230000 -0.620542
7.240000 -0.642547
7.250000 -0.664443
7.260000 -0.686168
7.270000 -0.707659
7.280000 -0.728853
7.290000 -0.749685
7.300000 -0.770092
7.310000 -0.790007
7.320000 -0.809367
7.330000 -0.828108
7.340000 -0.846167
7.350000 -0.863483
7.360000 -0.879996
7.370000 -0.895647
7.380000 -0.910383
7.390000 -0.924149
7.400000 -0.936897
7.410000 -0.948578
7.420000 -0.959151
7.430000 -0.968576
7.440000 -0.976817
7.450000 -0.983844
7.460000 -0.989631
7.470000 -0.994154
7.480000 -0.997398
7.490000 -0.999349
7.500000 -1.000000
7.510000 -0.999349
7.520000 -0.997398
7.530000 -0.994154
7.540000 -0.989631
7.550000 -0.983844
7.560000 -0.976817
7.570000 -0.968576
7.580000 -0.959151
7.590000 -0.948578
7.600000 -0.936897
7.610000 -0.924149
7.620000 -0.910383
7.630000 -0.895647
7.640000 -0.879996
7.650000 -0.863483
7.660000 -0.846167
7.670000 -0.828108
7.680000 -0.809367
7.690000 -0.790007
7.700000 -0.770092
7.710000 -0.749685
7.720000 -0.728853
7.730000 -0.707659
7.740000 -0.686168
7.750000 -0.664443
7.760000 -0.642547
7.770000 -0.620542
7.780000 -0.598487
7.790000 -0.576442
7.800000 -0.554460
7.810000 -0.532598
7.820000 -0.510905
7.830000 -0.489432
7.840000 -0.468223
7.850000 -0.447324
7.860000 -0.426772
7.870000 -0.406607
7.880000 -0.386862
7.890000 -0.367568
7.900000 -0.348753
7.910000 -0.330443
7.920000 -0.312657
7.930000 -0.295416
7.940000 -0.278734
7.950000 -0.262624
7.960000 -0.247096
7.970000 -0.232157
7.980000 -0.217810
7.990000 -0.204059
8.000000 -0.190901
8.010000 -0.178335
8.020000 -0.166355
8.030000 -0.154956
8.040000 -0.144126
8.050000 -0.133857
8.060000 -0.124137
8.070000 -0.114953
8.080000 -0.106290
8.090000 -0.098134
8.100000 -0.090467
8.110000 -0.083275
8.120000 -0.076537
8.130000 -0.070238
8.140000 -0.064359
8.150000 -0.058881
8.160000 -0.053787
8.170000 -0.049056
8.180000 -0.044672
8.190000 -0.040616
8.200000 -0.036869
8.210000 -0.033415
8.220000 -0.030236
8.230000 -0.027316
8.240000 -0.024638
8.250000 -0.022185
8.260000 -0.019945
8.270000 -0.017901
8.280000 -0.016040
8.290000 -0.014348
8.300000 -0.012813
8.310000 -0.011423
8.320000 -0.010166
8.330000 -0.009032
8.340000 -0.008011
8.350000 -0.007093
8.360000 -0.006269
8.370000 -0.005531
8.380000 -0.004871
8.390000 -0.004282
8.400000 -0.003757
8.410000 -0.003291
8.420000 -0.002877
8.430000 -0.002511
8.440000 -0.002187
8.450000 -0.001901
8.460000 -0.001650
8.470000 -0.001429
8.480000 -0.001235
8.490000 -0.001066
8.500000 -0.000917
8.510000 -0.000788
8.520000 -0.000676
8.530000 -0.000579
8.540000 -0.000494
8.550000 -0.000421
8.560000 -0.000358
8.570000 -0.000304
8.580000 -0.000258
8.590000 -0.000218
8.600000 -0.000184
8.610000 -0.000154
8.620000 -0.000130
8.630000 -0.000109
8.640000 -0.000091
8.650000 -0.000076
8.660000 -0.000063
8.670000 -0.000052
8.680000 -0.000043
8.690000 -0.000036
8.700000 -0.000029
8.710000 -0.000024
8.720000 -0.000020
8.730000 -0.000016
8.740000 -0.000013
8.750000 -0.000011
8.760000 -0.000009
8.770000 -0.000007
8.780000 -0.000006
8.790000 -0.000005
8.800000 -0.000004
8.810000 -0.000003
8.820000 -0.000002
8.830000 -0.000002
8.840000 -0.000001
8.850000 -0.000001
8.860000 -0.000001
8.870000 -0.000001
8.880000 -0.000001
8.890000 -0.000000
8.900000 -0.000000
8.910000 -0.000000
8.920000 -0.000000
8.930000 -0.000000
8.940000 -0.000000
8.950000 -0.000000
8.960000 -0.000000
8.970000 -0.000000
8.980000 -0.000000
8.990000 -0.000000
9.000000 -0.000000
9.010000 -0.000000
9.020000 -0.000000
9.030000 -0.000000
9.040000 -0.000000
9.050000 -0.000000
9.060000 -0.000000
9.070000 -0.000000
9.080000 -0.000000
9.090000 -0.000000
9.100000 -0.000000
9.110000 -0.000000
9.120000 -0.000000
9.130000 -0.000000
9.140000 -0.000000
9.150000 -0.000000
9.160000 -0.000000
9.170000 -0.000000
9.180000 -0.000000
9.190000 -0.000000
9.200000 -0.000000
9.210000 -0.000000
9.220000 -0.000000
9.230000 -0.000000
9.240000 -0.000000
9.250000 -0.000000
9.260000 -0.000000
9.270000 -0.000000
9.280000 -0.000000
9.290000 -0.000000
9.300000 -0.000000
9.310000 -0.000000
9.320000 -0.000000
9.330000 -0.000000
9.340000 -0.000000
9.350000 -0.000000
9.360000 -0.000000
9.370000 -0.000000
9.380000 -0.000000
9.390000 -0.000000
9.400000 -0.000000
9.410000 -0.000000
9.420000 -0.000000
9.430000 -0.000000
9.440000 -0.000000
9.450000 -0.000000
9.460000 -0.000000
9.470000 -0.000000
9.480000 -0.000000
9.490000 -0.000000
9.500000 -0.000000
9.510000 -0.000000
9.520000 -0.000000
9.530000 -0.000000
9.540000 -0.000000
9.550000 -0.000000
9.560000 -0.000000
9.570000 -0.000000
9.580000 -0.000000
9.590000 -0.000000
9.600000 -0.000000
9.610000 -0.000000
9.620000 -0.000000
9.630000 -0.000000
9.640000 -0.000000
9.650000 -0.000000
9.660000 -0.000000
9.670000 -0.000000
9.680000 -0.000000
9.690000 -0.000000
9.700000 -0.000000
9.710000 -0.000000
9.720000 -0.000000
9.730000 -0.000000
9.740000 -0.000000
9.750000 -0.000000
9.760000 -0.000000
9.770000 -0.000000
9.780000 -0.000000
9.790000 -0.000000
9.800000 -0.000000
9.810000 -0.000000
9.820000 -0.000000
9.830000 -0.000000
9.840000 -0.000000
9.850000 -0.000000
9.860000 -0.000000
9.870000 -0.000000
9.880000 -0.000000
9.890000 -0.000000
9.900000 -0.000000
9.910000 -0.000000
9.920000 -0.000000
9.930000 -0.000000
9.940000 -0.000000
9.950000 -0.000000
9.960000 -0.000000
9.970000 -0.000000
9.980000 -0.000000
9.990000 -0.000000
10.000000 -0.000000
