0.000000 0.000000
0.010000 0.000000
0.020000 0.000000
0.030000 0.000000
0.040000 0.000000
0.050000 0.000000
0.060000 0.000000
0.070000 0.000000
0.080000 0.000000
0.090000 0.000000
0.100000 0.000000
0.110000 0.000000
0.120000 0.000000
0.130000 0.000000
0.140000 0.000000
0.150000 0.000000
0.160000 0.000000
0.170000 0.000000
0.180000 0.000000
0.190000 0.000000
0.200000 0.000000
0.210000 0.000000
0.220000 0.000000
0.230000 0.000000
0.240000 0.000000
0.250000 0.000000
0.260000 0.000000
0.270000 0.000000
0.280000 0.000000
0.290000 0.000000
0.300000 0.000000
0.310000 0.000000
0.320000 0.000000
0.330000 0.000000
0.340000 0.000000
0.350000 0.000000
0.360000 0.000000
0.370000 0.000000
0.380000 0.000000
0.390000 0.000000
0.400000 0.000000
0.410000 0.000000
0.420000 0.000000
0.430000 0.000000
0.440000 0.000000
0.450000 0.000000
0.460000 0.000000
0.470000 0.000000
0.480000 0.000000
0.490000 0.000000
0.500000 0.000000
0.510000 0.000000
0.520000 0.000000
0.530000 0.000000
0.540000 0.000000
0.550000 0.000000
0.560000 0.000000
0.570000 0.000000
0.580000 0.000000
0.590000 0.000000
0.600000 0.000000
0.610000 0.000000
0.620000 0.000000
0.630000 0.000000
0.640000 0.000000
0.650000 0.000000
0.660000 0.000000
0.670000 0.000000
0.680000 0.000000
0.690000 0.000000
0.700000 0.000000
0.710000 0.000000
0.720000 0.000000
0.730000 0.000000
0.740000 0.000000
0.750000 0.000000
0.760000 0.000000
0.770000 0.000000
0.780000 0.000000
0.790000 0.000000
0.800000 0.000000
0.810000 0.000000
0.820000 0.000000
0.830000 0.000000
0.840000 0.000000
0.850000 0.000000
0.860000 0.000000
0.870000 0.000000
0.880000 0.000000
0.890000 0.000000
0.900000 0.000000
0.910000 0.000000
0.920000 0.000000
0.930000 0.000000
0.940000 0.000000
0.950000 0.000000
0.960000 0.000000
0.970000 0.000000
0.980000 0.000000
0.990000 0.000000
1.000000 0.000000
1.010000 0.000000
1.020000 0.000000
1.030000 0.000000
1.040000 0.000000
1.050000 0.000000
1.060000 0.000000
1.070000 0.000000
1.080000 0.000001
1.090000 0.000001
1.100000 0.000001
1.110000 0.000001
1.120000 0.000001
1.130000 0.000002
1.140000 0.000002
1.150000 0.000003
1.160000 0.000003
1.170000 0.000004
1.180000 0.000005
1.190000 0.000006
1.200000 0.000008
1.210000 0.000010
1.220000 0.000012
1.230000 0.000015
1.240000 0.000018
1.250000 0.000022
1.260000 0.000026
1.270000 0.000032
1.280000 0.000038
1.290000 0.000046
1.300000 0.000055
1.310000 0.000067
1.320000 0.000080
1.330000 0.000095
1.340000 0.000113
1.350000 0.000135
1.360000 0.000160
1.370000 0.000189
1.380000 0.000223
1.390000 0.000263
1.400000 0.000309
1.410000 0.000363
1.420000 0.000425
1.430000 0.000497
1.440000 0.000579
1.450000 0.000675
1.460000 0.000784
1.470000 0.000909
1.480000 0.001052
1.490000 0.001216
1.500000 0.001402
1.510000 0.001613
1.520000 0.001853
1.530000 0.002125
1.540000 0.002433
1.550000 0.002780
1.560000 0.003170
1.570000 0.003609
1.580000 0.004102
1.590000 0.004654
1.600000 0.005270
1.610000 0.005959
1.620000 0.006726
1.630000 0.007578
1.640000 0.008525
1.650000 0.009573
1.660000 0.010733
1.670000 0.012014
1.680000 0.013426
1.690000 0.014979
1.700000 0.016686
1.710000 0.018557
1.720000 0.020605
1.730000 0.022843
1.740000 0.025285
1.750000 0.027945
1.760000 0.030837
1.770000 0.033976
1.780000 0.037378
1.790000 0.041058
1.800000 0.045033
1.810000 0.049319
1.820000 0.053933
1.830000 0.058891
1.840000 0.064210
1.850000 0.069908
1.860000 0.076000
1.870000 0.082505
1.880000 0.089437
1.890000 0.096813
1.900000 0.104649
1.910000 0.112959
1.920000 0.121757
1.930000 0.131056
1.940000 0.140870
1.950000 0.151207
1.960000 0.162079
1.970000 0.173494
1.980000 0.185459
1.990000 0.197978
2.000000 0.211055
2.010000 0.224692
2.020000 0.238888
2.030000 0.253640
2.040000 0.268944
2.050000 0.284791
2.060000 0.301172
2.070000 0.318074
2.080000 0.335483
2.090000 0.353379
2.100000 0.371744
2.110000 0.390554
2.120000 0.409781
2.130000 0.429399
2.140000 0.449375
2.150000 0.469674
2.160000 0.490259
2.170000 0.511092
2.180000 0.532129
2.190000 0.553327
2.200000 0.574637
2.210000 0.596012
2.220000 0.617401
2.230000 0.638750
2.240000 0.660005
2.250000 0.681111
2.260000 0.702010
2.270000 0.722646
2.280000 0.742958
2.290000 0.762890
2.300000 0.782381
2.310000 0.801373
2.320000 0.819808
2.330000 0.837628
2.340000 0.854777
2.350000 0.871198
2.360000 0.886840
2.370000 0.901650
2.380000 0.915578
2.390000 0.928578
2.400000 0.940605
2.410000 0.951618
2.420000 0.961579
2.430000 0.970452
2.440000 0.978207
2.450000 0.984816
2.460000 0.990256
2.470000 0.994508
2.480000 0.997555
2.490000 0.999388
2.500000 1.000000
2.510000 0.999388
2.520000 0.997555
2.530000 0.994508
2.540000 0.990256
2.550000 0.984816
2.560000 0.978207
2.570000 0.970452
2.580000 0.961579
2.590000 0.951618
2.600000 0.940605
2.610000 0.928578
2.620000 0.915578
2.630000 0.901650
2.640000 0.886840
2.650000 0.871198
2.660000 0.854777
2.670000 0.837628
2.680000 0.819808
2.690000 0.801373
2.700000 0.782381
2.710000 0.762890
2.720000 0.742958
2.730000 0.722646
2.740000 0.702010
2.750000 0.681111
2.760000 0.660005
2.770000 0.638750
2.780000 0.617401
2.790000 0.596012
2.800000 0.574637
2.810000 0.553327
2.820000 0.532129
2.830000 0.511092
2.840000 0.490259
2.850000 0.469674
2.860000 0.449375
2.870000 0.429399
2.880000 0.409781
2.890000 0.390554
2.900000 0.371744
2.910000 0.353379
2.920000 0.335483
2.930000 0.318074
2.940000 0.301172
2.950000 0.284791
2.960000 0.268944
2.970000 0.253640
2.980000 0.238888
2.990000 0.224692
3.000000 0.211055
3.010000 0.197978
3.020000 0.185459
3.030000 0.173494
3.040000 0.162079
3.050000 0.151207
3.060000 0.140870
3.070000 0.131057
3.080000 0.121757
3.090000 0.112959
3.100000 0.104649
3.110000 0.096813
3.120000 0.089437
3.130000 0.082505
3.140000 0.076000
3.150000 0.069907
3.160000 0.064210
3.170000 0.058890
3.180000 0.053933
3.190000 0.049319
3.200000 0.045033
3.210000 0.041058
3.220000 0.037378
3.230000 0.033976
3.240000 0.030837
3.250000 0.027945
3.260000 0.025285
3.270000 0.022843
3.280000 0.020605
3.290000 0.018557
3.300000 0.016686
3.310000 0.014979
3.320000 0.013426
3.330000 0.012014
3.340000 0.010733
3.350000 0.009573
3.360000 0.008525
3.370000 0.007578
3.380000 0.006726
3.390000 0.005959
3.400000 0.005270
3.410000 0.004654
3.420000 0.004102
3.430000 0.003609
3.440000 0.003170
3.450000 0.002780
3.460000 0.002433
3.470000 0.002125
3.480000 0.001853
3.490000 0.001613
3.500000 0.001402
3.510000 0.001216
3.520000 0.001052
3.530000 0.000909
3.540000 0.000784
3.550000 0.000675
3.560000 0.000579
3.570000 0.000497
3.580000 0.000425
3.590000 0.000363
3.600000 0.000309
3.610000 0.000263
3.620000 0.000223
3.630000 0.000189
3.640000 0.000160
3.650000 0.000135
3.660000 0.000113
3.670000 0.000095
3.680000 0.000080
3.690000 0.000067
3.700000 0.000055
3.710000 0.000046
3.720000 0.000038
3.730000 0.000032
3.740000 0.000026
3.750000 0.000022
3.760000 0.000018
3.770000 0.000015
3.780000 0.000012
3.790000 0.000010
3.800000 0.000008
3.810000 0.000006
3.820000 0.000005
3.830000 0.000004
3.840000 0.000003
3.850000 0.000003
3.860000 0.000002
3.870000 0.000002
3.880000 0.000001
3.890000 0.000001
3.900000 0.000001
3.910000 0.000001
3.920000 0.000001
3.930000 0.000000
3.940000 0.000000
3.950000 0.000000
3.960000 0.000000
3.970000 0.000000
3.980000 0.000000
3.990000 0.000000
4.000000 0.000000
4.010000 0.000000
4.020000 0.000000
4.030000 0.000000
4.040000 0.000000
4.050000 0.000000
4.060000 0.000000
4.070000 0.000000
4.080000 0.000000
4.090000 0.000000
4.100000 0.000000
4.110000 0.000000
4.120000 0.000000
4.130000 0.000000
4.140000 0.000000
4.150000 0.000000
4.160000 0.000000
4.170000 0.000000
4.180000 0.000000
4.190000 0.000000
4.200000 0.000000
4.210000 0.000000
4.220000 0.000000
4.230000 0.000000
4.240000 0.000000
4.250000 0.000000
4.260000 0.000000
4.270000 0.000000
4.280000 0.000000
4.290000 0.000000
4.300000 0.000000
4.310000 0.000000
4.320000 0.000000
4.330000 0.000000
4.340000 0.000000
4.350000 0.000000
4.360000 0.000000
4.370000 0.000000
4.380000 0.000000
4.390000 0.000000
4.400000 0.000000
4.410000 0.000000
4.420000 0.000000
4.430000 0.000000
4.440000 0.000000
4.450000 0.000000
4.460000 0.000000
4.470000 0.000000
4.480000 0.000000
4.490000 0.000000
4.500000 0.000000
4.510000 0.000000
4.520000 0.000000
4.530000 0.000000
4.540000 0.000000
4.550000 0.000000
4.560000 0.000000
4.570000 0.000000
4.580000 0.000000
4.590000 0.000000
4.600000 0.000000
4.610000 0.000000
4.620000 0.000000
4.630000 0.000000
4.640000 0.000000
4.650000 0.000000
4.660000 0.000000
4.670000 0.000000
4.680000 0.000000
4.690000 0.000000
4.700000 0.000000
4.710000 0.000000
4.720000 0.000000
4.730000 0.000000
4.740000 0.000000
4.750000 0.000000
4.760000 0.000000
4.770000 0.000000
4.780000 0.000000
4.790000 0.000000
4.800000 0.000000
4.810000 0.000000
4.820000 0.000000
4.830000 0.000000
4.840000 0.000000
4.850000 0.000000
4.860000 0.000000
4.870000 0.000000
4.880000 0.000000
4.890000 0.000000
4.900000 0.000000
4.910000 0.000000
4.920000 0.000000
4.930000 0.000000
4.940000 0.000000
4.950000 0.000000
4.960000 0.000000
4.970000 0.000000
4.980000 0.000000
4.990000 0.000000
5.000000 0.000000
5.010000 -0.000000
5.020000 -0.000000
5.030000 -0.000000
5.040000 -0.000000
5.050000 -0.000000
5.060000 -0.000000
5.070000 -0.000000
5.080000 -0.000000
5.090000 -0.000000
5.100000 -0.000000
5.110000 -0.000000
5.120000 -0.000000
5.130000 -0.000000
5.140000 -0.000000
5.150000 -0.000000
5.160000 -0.000000
5.170000 -0.000000
5.180000 -0.000000
5.190000 -0.000000
5.200000 -0.000000
5.210000 -0.000000
5.220000 -0.000000
5.230000 -0.000000
5.240000 -0.000000
5.250000 -0.000000
5.260000 -0.000000
5.270000 -0.000000
5.280000 -0.000000
5.290000 -0.000000
5.300000 -0.000000
5.310000 -0.000000
5.320000 -0.000000
5.330000 -0.000000
5.340000 -0.000000
5.350000 -0.000000
5.360000 -0.000000
5.370000 -0.000000
5.380000 -0.000000
5.390000 -0.000000
5.400000 -0.000000
5.410000 -0.000000
5.420000 -0.000000
5.430000 -0.000000
5.440000 -0.000000
5.450000 -0.000000
5.460000 -0.000000
5.470000 -0.000000
5.480000 -0.000000
5.490000 -0.000000
5.500000 -0.000000
5.510000 -0.000000
5.520000 -0.000000
5.530000 -0.000000
5.540000 -0.000000
5.550000 -0.000000
5.560000 -0.000000
5.570000 -0.000000
5.580000 -0.000000
5.590000 -0.000000
5.600000 -0.000000
5.610000 -0.000000
5.620000 -0.000000
5.630000 -0.000000
5.640000 -0.000000
5.650000 -0.000000
5.660000 -0.000000
5.670000 -0.000000
5.680000 -0.000000
5.690000 -0.000000
5.700000 -0.000000
5.710000 -0.000000
5.720000 -0.000000
5.730000 -0.000000
5.740000 -0.000000
5.750000 -0.000000
5.760000 -0.000000
5.770000 -0.000000
5.780000 -0.000000
5.790000 -0.000000
5.800000 -0.000000
5.810000 -0.000000
5.820000 -0.000000
5.830000 -0.000000
5.840000 -0.000000
5.850000 -0.000000
5.860000 -0.000000
5.870000 -0.000000
5.880000 -0.000000
5.890000 -0.000000
5.900000 -0.000000
5.910000 -0.000000
5.920000 -0.000000
5.930000 -0.000000
5.940000 -0.000000
5.950000 -0.000000
5.960000 -0.000000
5.970000 -0.000000
5.980000 -0.000000
5.990000 -0.000000
6.000000 -0.000000
6.010000 -0.000000
6.020000 -0.000000
6.030000 -0.000000
6.040000 -0.000000
6.050000 -0.000000
6.060000 -0.000000
6.070000 -0.000000
6.080000 -0.000001
6.090000 -0.000001
6.100000 -0.000001
6.110000 -0.000001
6.120000 -0.000001
6.130000 -0.000002
6.140000 -0.000002
6.150000 -0.000003
6.160000 -0.000003
6.170000 -0.000004
6.180000 -0.000005
6.190000 -0.000006
6.200000 -0.000008
6.210000 -0.000010
6.220000 -0.000012
6.230000 -0.000015
6.240000 -0.000018
6.250000 -0.000022
6.260000 -0.000026
6.270000 -0.000032
6.280000 -0.000038
6.290000 -0.000046
6.300000 -0.000055
6.310000 -0.000067
6.320000 -0.000080
6.330000 -0.000095
6.340000 -0.000113
6.350000 -0.000135
6.360000 -0.000160
6.370000 -0.000189
6.380000 -0.000223
6.390000 -0.000263
6.400000 -0.000309
6.410000 -0.000363
6.420000 -0.000425
6.430000 -0.000497
6.440000 -0.000579
6.450000 -0.000675
6.460000 -0.000784
6.470000 -0.000909
6.480000 -0.001052
6.490000 -0.001216
6.500000 -0.001402
6.510000 -0.001613
6.520000 -0.001853
6.530000 -0.002125
6.540000 -0.002433
6.550000 -0.002780
6.560000 -0.003170
6.570000 -0.003609
6.580000 -0.004102
6.590000 -0.004654
6.600000 -0.005270
6.610000 -0.005959
6.620000 -0.006726
6.630000 -0.007578
6.640000 -0.008525
6.650000 -0.009573
6.660000 -0.010733
6.670000 -0.012014
6.680000 -0.013426
6.690000 -0.014979
6.700000 -0.016685
6.710000 -0.018557
6.720000 -0.020605
6.730000 -0.022843
6.740000 -0.025285
6.750000 -0.027945
6.760000 -0.030837
6.770000 -0.033976
6.780000 -0.037378
6.790000 -0.041058
6.800000 -0.045033
6.810000 -0.049319
6.820000 -0.053933
6.830000 -0.058890
6.840000 -0.064210
6.850000 -0.069907
6.860000 -0.076000
6.870000 -0.082505
6.880000 -0.089437
6.890000 -0.096813
6.900000 -0.104649
6.910000 -0.112959
6.920000 -0.121757
6.930000 -0.131056
6.940000 -0.140870
6.950000 -0.151207
6.960000 -0.162079
6.970000 -0.173494
6.980000 -0.185459
6.990000 -0.197978
7.000000 -0.211055
7.010000 -0.224693
7.020000 -0.238888
7.030000 -0.253641
7.040000 -0.268944
7.050000 -0.284791
7.060000 -0.301172
7.070000 -0.318074
7.080000 -0.335483
7.090000 -0.353380
7.100000 -0.371744
7.110000 -0.390554
7.120000 -0.409781
7.130000 -0.429399
7.140000 -0.449374
7.150000 -0.469674
7.160000 -0.490259
7.170000 -0.511092
7.180000 -0.532129
7.190000 -0.553327
7.200000 -0.574637
7.210000 -0.596012
7.220000 -0.617400
7.230000 -0.638750
7.240000 -0.660004
7.250000 -0.681111
7.260000 -0.702011
7.270000 -0.722646
7.280000 -0.742959
7.290000 -0.762890
7.300000 -0.782382
7.310000 -0.801373
7.320000 -0.819809
7.330000 -0.837628
7.340000 -0.854777
7.350000 -0.871198
7.360000 -0.886840
7.370000 -0.901650
7.380000 -0.915578
7.390000 -0.928578
7.400000 -0.940605
7.410000 -0.951618
7.420000 -0.961579
7.430000 -0.970452
7.440000 -0.978207
7.450000 -0.984816
7.460000 -0.990256
7.470000 -0.994507
7.480000 -0.997555
7.490000 -0.999388
7.500000 -1.000000
7.510000 -0.999388
7.520000 -0.997555
7.530000 -0.994507
7.540000 -0.990256
7.550000 -0.984816
7.560000 -0.978207
7.570000 -0.970452
7.580000 -0.961579
7.590000 -0.951618
7.600000 -0.940605
7.610000 -0.928578
7.620000 -0.915578
7.630000 -0.901650
7.640000 -0.886840
7.650000 -0.871198
7.660000 -0.854777
7.670000 -0.837628
7.680000 -0.819809
7.690000 -0.801373
7.700000 -0.782382
7.710000 -0.762890
7.720000 -0.742959
7.730000 -0.722646
7.740000 -0.702011
7.750000 -0.681111
7.760000 -0.660004
7.770000 -0.638750
7.780000 -0.617400
7.790000 -0.596012
7.800000 -0.574637
7.810000 -0.553327
7.820000 -0.532129
7.830000 -0.511092
7.840000 -0.490259
7.850000 -0.469674
7.860000 -0.449374
7.870000 -0.429399
7.880000 -0.409781
7.890000 -0.390554
7.900000 -0.371744
7.910000 -0.353380
7.920000 -0.335483
7.930000 -0.318074
7.940000 -0.301172
7.950000 -0.284791
7.960000 -0.268944
7.970000 -0.253641
7.980000 -0.238888
7.990000 -0.224693
8.000000 -0.211055
8.010000 -0.197978
8.020000 -0.185458
8.030000 -0.173494
8.040000 -0.162079
8.050000 -0.151207
8.060000 -0.140869
8.070000 -0.131057
8.080000 -0.121757
8.090000 -0.112959
8.100000 -0.104649
8.110000 -0.096814
8.120000 -0.089437
8.130000 -0.082505
8.140000 -0.076000
8.150000 -0.069908
8.160000 -0.064210
8.170000 -0.058890
8.180000 -0.053932
8.190000 -0.049319
8.200000 -0.045033
8.210000 -0.041058
8.220000 -0.037378
8.230000 -0.033977
8.240000 -0.030837
8.250000 -0.027945
8.260000 -0.025285
8.270000 -0.022843
8.280000 -0.020605
8.290000 -0.018557
8.300000 -0.016685
8.310000 -0.014979
8.320000 -0.013426
8.330000 -0.012014
8.340000 -0.010733
8.350000 -0.009573
8.360000 -0.008525
8.370000 -0.007578
8.380000 -0.006726
8.390000 -0.005959
8.400000 -0.005270
8.410000 -0.004654
8.420000 -0.004102
8.430000 -0.003609
8.440000 -0.003170
8.450000 -0.002780
8.460000 -0.002433
8.470000 -0.002125
8.480000 -0.001854
8.490000 -0.001613
8.500000 -0.001402
8.510000 -0.001216
8.520000 -0.001052
8.530000 -0.000909
8.540000 -0.000784
8.550000 -0.000675
8.560000 -0.000579
8.570000 -0.000497
8.580000 -0.000425
8.590000 -0.000363
8.600000 -0.000309
8.610000 -0.000263
8.620000 -0.000223
8.630000 -0.000189
8.640000 -0.000160
8.650000 -0.000135
8.660000 -0.000113
8.670000 -0.000095
8.680000 -0.000080
8.690000 -0.000067
8.700000 -0.000055
8.710000 -0.000046
8.720000 -0.000038
8.730000 -0.000032
8.740000 -0.000026
8.750000 -0.000022
8.760000 -0.000018
8.770000 -0.000015
8.780000 -0.000012
8.790000 -0.000010
8.800000 -0.000008
8.810000 -0.000006
8.820000 -0.000005
8.830000 -0.000004
8.840000 -0.000003
8.850000 -0.000003
8.860000 -0.000002
8.870000 -0.000002
8.880000 -0.000001
8.890000 -0.000001
8.900000 -0.000001
8.910000 -0.000001
8.920000 -0.000001
8.930000 -0.000000
8.940000 -0.000000
8.950000 -0.000000
8.960000 -0.000000
8.970000 -0.000000
8.980000 -0.000000
8.990000 -0.000000
9.000000 -0.000000
9.010000 -0.000000
9.020000 -0.000000
9.030000 -0.000000
9.040000 -0.000000
9.050000 -0.000000
9.060000 -0.000000
9.070000 -0.000000
9.080000 -0.000000
9.090000 -0.000000
9.100000 -0.000000
9.110000 -0.000000
9.120000 -0.000000
9.130000 -0.000000
9.140000 -0.000000
9.150000 -0.000000
9.160000 -0.000000
9.170000 -0.000000
9.180000 -0.000000
9.190000 -0.000000
9.200000 -0.000000
9.210000 -0.000000
9.220000 -0.000000
9.230000 -0.000000
9.240000 -0.000000
9.250000 -0.000000
9.260000 -0.000000
9.270000 -0.000000
9.280000 -0.000000
9.290000 -0.000000
9.300000 -0.000000
9.310000 -0.000000
9.320000 -0.000000
9.330000 -0.000000
9.340000 -0.000000
9.350000 -0.000000
9.360000 -0.000000
9.370000 -0.000000
9.380000 -0.000000
9.390000 -0.000000
9.400000 -0.000000
9.410000 -0.000000
9.420000 -0.000000
9.430000 -0.000000
9.440000 -0.000000
9.450000 -0.000000
9.460000 -0.000000
9.470000 -0.000000
9.480000 -0.000000
9.490000 -0.000000
9.500000 -0.000000
9.510000 -0.000000
9.520000 -0.000000
9.530000 -0.000000
9.540000 -0.000000
9.550000 -0.000000
9.560000 -0.000000
9.570000 -0.000000
9.580000 -0.000000
9.590000 -0.000000
9.600000 -0.000000
9.610000 -0.000000
9.620000 -0.000000
9.630000 -0.000000
9.640000 -0.000000
9.650000 -0.000000
9.660000 -0.000000
9.670000 -0.000000
9.680000 -0.000000
9.690000 -0.000000
9.700000 -0.000000
9.710000 -0.000000
9.720000 -0.000000
9.730000 -0.000000
9.740000 -0.000000
9.750000 -0.000000
9.760000 -0.000000
9.770000 -0.000000
9.780000 -0.000000
9.790000 -0.000000
9.800000 -0.000000
9.810000 -0.000000
9.820000 -0.000000
9.830000 -0.000000
9.840000 -0.000000
9.850000 -0.000000
9.860000 -0.000000
9.870000 -0.000000
9.880000 -0.000000
9.890000 -0.000000
9.900000 -0.000000
9.910000 -0.000000
9.920000 -0.000000
9.930000 -0.000000
9.940000 -0.000000
9.950000 -0.000000
9.960000 -0.000000
9.970000 -0.000000
9.980000 -0.000000
9.990000 -0.000000
10.000000 -0.000000
