0.000000 0.000000
0.010000 0.000000
0.020000 0.000000
0.030000 0.000000
0.040000 0.000000
0.050000 0.000000
0.060000 0.000000
0.070000 0.000000
0.080000 0.000000
0.090000 0.000000
0.100000 0.000000
0.110000 0.000000
0.120000 0.000000
0.130000 0.000000
0.140000 0.000000
0.150000 0.000000
0.160000 0.000000
0.170000 0.000000
0.180000 0.000000
0.190000 0.000000
0.200000 0.000000
0.210000 0.000000
0.220000 0.000000
0.230000 0.000000
0.240000 0.000000
0.250000 0.000000
0.260000 0.000000
0.270000 0.000000
0.280000 0.000000
0.290000 0.000000
0.300000 0.000000
0.310000 0.000000
0.320000 0.000000
0.330000 0.000000
0.340000 0.000000
0.350000 0.000000
0.360000 0.000000
0.370000 0.000000
0.380000 0.000000
0.390000 0.000000
0.400000 0.000000
0.410000 0.000000
0.420000 0.000000
0.430000 0.000000
0.440000 0.000000
0.450000 0.000000
0.460000 0.000000
0.470000 0.000000
0.480000 0.000000
0.490000 0.000000
0.500000 0.000000
0.510000 0.000000
0.520000 0.000000
0.530000 0.000000
0.540000 0.000000
0.550000 0.000000
0.560000 0.000000
0.570000 0.000000
0.580000 0.000000
0.590000 0.000000
0.600000 0.000000
0.610000 0.000000
0.620000 0.000000
0.630000 0.000000
0.640000 0.000000
0.650000 0.000000
0.660000 0.000000
0.670000 0.000000
0.680000 0.000000
0.690000 0.000000
0.700000 0.000000
0.710000 0.000000
0.720000 0.000000
0.730000 0.000000
0.740000 0.000000
0.750000 0.000000
0.760000 0.000000
0.770000 0.000000
0.780000 0.000000
0.790000 0.000000
0.800000 0.000000
0.810000 0.000000
0.820000 0.000000
0.830000 0.000000
0.840000 0.000000
0.850000 0.000000
0.860000 0.000000
0.870000 0.000000
0.880000 0.000000
0.890000 0.000000
0.900000 0.000000
0.910000 0.000000
0.920000 0.000000
0.930000 0.000000
0.940000 0.000000
0.950000 0.000000
0.960000 0.000000
0.970000 0.000000
0.980000 0.000000
0.990000 0.000000
1.000000 0.000000
1.010000 0.000000
1.020000 0.000000
1.030000 0.000000
1.040000 0.000000
1.050000 0.000000
1.060000 0.000000
1.070000 0.000000
1.080000 0.000000
1.090000 0.000000
1.100000 0.000000
1.110000 0.000000
1.120000 0.000000
1.130000 0.000000
1.140000 0.000000
1.150000 0.000000
1.160000 0.000000
1.170000 0.000000
1.180000 0.000000
1.190000 0.000000
1.200000 0.000000
1.210000 0.000000
1.220000 0.000000
1.230000 0.000000
1.240000 0.000000
1.250000 0.000000
1.260000 0.000000
1.270000 0.000000
1.280000 0.000000
1.290000 0.000000
1.300000 0.000000
1.310000 0.000000
1.320000 0.000000
1.330000 0.000000
1.340000 0.000001
1.350000 0.000001
1.360000 0.000001
1.370000 0.000001
1.380000 0.000002
1.390000 0.000002
1.400000 0.000003
1.410000 0.000004
1.420000 0.000005
1.430000 0.000006
1.440000 0.000008
1.450000 0.000010
1.460000 0.000012
1.470000 0.000016
1.480000 0.000020
1.490000 0.000025
1.500000 0.000031
1.510000 0.000039
1.520000 0.000048
1.530000 0.000060
1.540000 0.000074
1.550000 0.000091
1.560000 0.000112
1.570000 0.000138
1.580000 0.000169
1.590000 0.000206
1.600000 0.000251
1.610000 0.000304
1.620000 0.000368
1.630000 0.000445
1.640000 0.000536
1.650000 0.000644
1.660000 0.000771
1.670000 0.000922
1.680000 0.001099
1.690000 0.001306
1.700000 0.001549
1.710000 0.001833
1.720000 0.002163
1.730000 0.002546
1.740000 0.002989
1.750000 0.003501
1.760000 0.004090
1.770000 0.004768
1.780000 0.005544
1.790000 0.006431
1.800000 0.007442
1.810000 0.008592
1.820000 0.009897
1.830000 0.011373
1.840000 0.013039
1.850000 0.014914
1.860000 0.017020
1.870000 0.019379
1.880000 0.022015
1.890000 0.024953
1.900000 0.028219
1.910000 0.031842
1.920000 0.035850
1.930000 0.040273
1.940000 0.045142
1.950000 0.050489
1.960000 0.056346
1.970000 0.062745
1.980000 0.069720
1.990000 0.077304
2.000000 0.085528
2.010000 0.094426
2.020000 0.104027
2.030000 0.114362
2.040000 0.125458
2.050000 0.137341
2.060000 0.150034
2.070000 0.163559
2.080000 0.177931
2.090000 0.193166
2.100000 0.209271
2.110000 0.226252
2.120000 0.244108
2.130000 0.262835
2.140000 0.282421
2.150000 0.302849
2.160000 0.324096
2.170000 0.346131
2.180000 0.368918
2.190000 0.392414
2.200000 0.416569
2.210000 0.441325
2.220000 0.466617
2.230000 0.492376
2.240000 0.518523
2.250000 0.544975
2.260000 0.571641
2.270000 0.598427
2.280000 0.625231
2.290000 0.651949
2.300000 0.678473
2.310000 0.704688
2.320000 0.730482
2.330000 0.755738
2.340000 0.780339
2.350000 0.804167
2.360000 0.827107
2.370000 0.849045
2.380000 0.869870
2.390000 0.889472
2.400000 0.907751
2.410000 0.924607
2.420000 0.939950
2.430000 0.953697
2.440000 0.965771
2.450000 0.976106
2.460000 0.984642
2.470000 0.991332
2.480000 0.996139
2.490000 0.999033
2.500000 1.000000
2.510000 0.999033
2.520000 0.996139
2.530000 0.991332
2.540000 0.984642
2.550000 0.976106
2.560000 0.965771
2.570000 0.953697
2.580000 0.939950
2.590000 0.924607
2.600000 0.907751
2.610000 0.889472
2.620000 0.869870
2.630000 0.849045
2.640000 0.827107
2.650000 0.804167
2.660000 0.780339
2.670000 0.755738
2.680000 0.730482
2.690000 0.704688
2.700000 0.678473
2.710000 0.651949
2.720000 0.625231
2.730000 0.598427
2.740000 0.571641
2.750000 0.544975
2.760000 0.518523
2.770000 0.492376
2.780000 0.466617
2.790000 0.441325
2.800000 0.416569
2.810000 0.392414
2.820000 0.368918
2.830000 0.346131
2.840000 0.324096
2.850000 0.302849
2.860000 0.282421
2.870000 0.262835
2.880000 0.244108
2.890000 0.226252
2.900000 0.209271
2.910000 0.193166
2.920000 0.177931
2.930000 0.163559
2.940000 0.150034
2.950000 0.137341
2.960000 0.125458
2.970000 0.114362
2.980000 0.104027
2.990000 0.094426
3.000000 0.085528
3.010000 0.077304
3.020000 0.069720
3.030000 0.062745
3.040000 0.056346
3.050000 0.050489
3.060000 0.045142
3.070000 0.040273
3.080000 0.035850
3.090000 0.031842
3.100000 0.028220
3.110000 0.024953
3.120000 0.022015
3.130000 0.019379
3.140000 0.017020
3.150000 0.014914
3.160000 0.013039
3.170000 0.011373
3.180000 0.009897
3.190000 0.008592
3.200000 0.007442
3.210000 0.006431
3.220000 0.005544
3.230000 0.004768
3.240000 0.004090
3.250000 0.003501
3.260000 0.002989
3.270000 0.002546
3.280000 0.002163
3.290000 0.001833
3.300000 0.001549
3.310000 0.001306
3.320000 0.001099
3.330000 0.000922
3.340000 0.000771
3.350000 0.000644
3.360000 0.000536
3.370000 0.000445
3.380000 0.000368
3.390000 0.000304
3.400000 0.000251
3.410000 0.000206
3.420000 0.000169
3.430000 0.000138
3.440000 0.000112
3.450000 0.000091
3.460000 0.000074
3.470000 0.000060
3.480000 0.000048
3.490000 0.000039
3.500000 0.000031
3.510000 0.000025
3.520000 0.000020
3.530000 0.000016
3.540000 0.000012
3.550000 0.000010
3.560000 0.000008
3.570000 0.000006
3.580000 0.000005
3.590000 0.000004
3.600000 0.000003
3.610000 0.000002
3.620000 0.000002
3.630000 0.000001
3.640000 0.000001
3.650000 0.000001
3.660000 0.000001
3.670000 0.000000
3.680000 0.000000
3.690000 0.000000
3.700000 0.000000
3.710000 0.000000
3.720000 0.000000
3.730000 0.000000
3.740000 0.000000
3.750000 0.000000
3.760000 0.000000
3.770000 0.000000
3.780000 0.000000
3.790000 0.000000
3.800000 0.000000
3.810000 0.000000
3.820000 0.000000
3.830000 0.000000
3.840000 0.000000
3.850000 0.000000
3.860000 0.000000
3.870000 0.000000
3.880000 0.000000
3.890000 0.000000
3.900000 0.000000
3.910000 0.000000
3.920000 0.000000
3.930000 0.000000
3.940000 0.000000
3.950000 0.000000
3.960000 0.000000
3.970000 0.000000
3.980000 0.000000
3.990000 0.000000
4.000000 0.000000
4.010000 0.000000
4.020000 0.000000
4.030000 0.000000
4.040000 0.000000
4.050000 0.000000
4.060000 0.000000
4.070000 0.000000
4.080000 0.000000
4.090000 0.000000
4.100000 0.000000
4.110000 0.000000
4.120000 0.000000
4.130000 0.000000
4.140000 0.000000
4.150000 0.000000
4.160000 0.000000
4.170000 0.000000
4.180000 0.000000
4.190000 0.000000
4.200000 0.000000
4.210000 0.000000
4.220000 0.000000
4.230000 0.000000
4.240000 0.000000
4.250000 0.000000
4.260000 0.000000
4.270000 0.000000
4.280000 0.000000
4.290000 0.000000
4.300000 0.000000
4.310000 0.000000
4.320000 0.000000
4.330000 0.000000
4.340000 0.000000
4.350000 0.000000
4.360000 0.000000
4.370000 0.000000
4.380000 0.000000
4.390000 0.000000
4.400000 0.000000
4.410000 0.000000
4.420000 0.000000
4.430000 0.000000
4.440000 0.000000
4.450000 0.000000
4.460000 0.000000
4.470000 0.000000
4.480000 0.000000
4.490000 0.000000
4.500000 0.000000
4.510000 0.000000
4.520000 0.000000
4.530000 0.000000
4.540000 0.000000
4.550000 0.000000
4.560000 0.000000
4.570000 0.000000
4.580000 0.000000
4.590000 0.000000
4.600000 0.000000
4.610000 0.000000
4.620000 0.000000
4.630000 0.000000
4.640000 0.000000
4.650000 0.000000
4.660000 0.000000
4.670000 0.000000
4.680000 0.000000
4.690000 0.000000
4.700000 0.000000
4.710000 0.000000
4.720000 0.000000
4.730000 0.000000
4.740000 0.000000
4.750000 0.000000
4.760000 0.000000
4.770000 0.000000
4.780000 0.000000
4.790000 0.000000
4.800000 0.000000
4.810000 0.000000
4.820000 0.000000
4.830000 0.000000
4.840000 0.000000
4.850000 0.000000
4.860000 0.000000
4.870000 0.000000
4.880000 0.000000
4.890000 0.000000
4.900000 0.000000
4.910000 0.000000
4.920000 0.000000
4.930000 0.000000
4.940000 0.000000
4.950000 0.000000
4.960000 0.000000
4.970000 0.000000
4.980000 0.000000
4.990000 0.000000
5.000000 0.000000
5.010000 -0.000000
5.020000 -0.000000
5.030000 -0.000000
5.040000 -0.000000
5.050000 -0.000000
5.060000 -0.000000
5.070000 -0.000000
5.080000 -0.000000
5.090000 -0.000000
5.100000 -0.000000
5.110000 -0.000000
5.120000 -0.000000
5.130000 -0.000000
5.140000 -0.000000
5.150000 -0.000000
5.160000 -0.000000
5.170000 -0.000000
5.180000 -0.000000
5.190000 -0.000000
5.200000 -0.000000
5.210000 -0.000000
5.220000 -0.000000
5.230000 -0.000000
5.240000 -0.000000
5.250000 -0.000000
5.260000 -0.000000
5.270000 -0.000000
5.280000 -0.000000
5.290000 -0.000000
5.300000 -0.000000
5.310000 -0.000000
5.320000 -0.000000
5.330000 -0.000000
5.340000 -0.000000
5.350000 -0.000000
5.360000 -0.000000
5.370000 -0.000000
5.380000 -0.000000
5.390000 -0.000000
5.400000 -0.000000
5.410000 -0.000000
5.420000 -0.000000
5.430000 -0.000000
5.440000 -0.000000
5.450000 -0.000000
5.460000 -0.000000
5.470000 -0.000000
5.480000 -0.000000
5.490000 -0.000000
5.500000 -0.000000
5.510000 -0.000000
5.520000 -0.000000
5.530000 -0.000000
5.540000 -0.000000
5.550000 -0.000000
5.560000 -0.000000
5.570000 -0.000000
5.580000 -0.000000
5.590000 -0.000000
5.600000 -0.000000
5.610000 -0.000000
5.620000 -0.000000
5.630000 -0.000000
5.640000 -0.000000
5.650000 -0.000000
5.660000 -0.000000
5.670000 -0.000000
5.680000 -0.000000
5.690000 -0.000000
5.700000 -0.000000
5.710000 -0.000000
5.720000 -0.000000
5.730000 -0.000000
5.740000 -0.000000
5.750000 -0.000000
5.760000 -0.000000
5.770000 -0.000000
5.780000 -0.000000
5.790000 -0.000000
5.800000 -0.000000
5.810000 -0.000000
5.820000 -0.000000
5.830000 -0.000000
5.840000 -0.000000
5.850000 -0.000000
5.860000 -0.000000
5.870000 -0.000000
5.880000 -0.000000
5.890000 -0.000000
5.900000 -0.000000
5.910000 -0.000000
5.920000 -0.000000
5.930000 -0.000000
5.940000 -0.000000
5.950000 -0.000000
5.960000 -0.000000
5.970000 -0.000000
5.980000 -0.000000
5.990000 -0.000000
6.000000 -0.000000
6.010000 -0.000000
6.020000 -0.000000
6.030000 -0.000000
6.040000 -0.000000
6.050000 -0.000000
6.060000 -0.000000
6.070000 -0.000000
6.080000 -0.000000
6.090000 -0.000000
6.100000 -0.000000
6.110000 -0.000000
6.120000 -0.000000
6.130000 -0.000000
6.140000 -0.000000
6.150000 -0.000000
6.160000 -0.000000
6.170000 -0.000000
6.180000 -0.000000
6.190000 -0.000000
6.200000 -0.000000
6.210000 -0.000000
6.220000 -0.000000
6.230000 -0.000000
6.240000 -0.000000
6.250000 -0.000000
6.260000 -0.000000
6.270000 -0.000000
6.280000 -0.000000
6.290000 -0.000000
6.300000 -0.000000
6.310000 -0.000000
6.320000 -0.000000
6.330000 -0.000000
6.340000 -0.000001
6.350000 -0.000001
6.360000 -0.000001
6.370000 -0.000001
6.380000 -0.000002
6.390000 -0.000002
6.400000 -0.000003
6.410000 -0.000004
6.420000 -0.000005
6.430000 -0.000006
6.440000 -0.000008
6.450000 -0.000010
6.460000 -0.000012
6.470000 -0.000016
6.480000 -0.000020
6.490000 -0.000025
6.500000 -0.000031
6.510000 -0.000039
6.520000 -0.000048
6.530000 -0.000060
6.540000 -0.000074
6.550000 -0.000091
6.560000 -0.000112
6.570000 -0.000138
6.580000 -0.000169
6.590000 -0.000206
6.600000 -0.000251
6.610000 -0.000304
6.620000 -0.000368
6.630000 -0.000445
6.640000 -0.000536
6.650000 -0.000644
6.660000 -0.000771
6.670000 -0.000922
6.680000 -0.001099
6.690000 -0.001306
6.700000 -0.001549
6.710000 -0.001833
6.720000 -0.002163
6.730000 -0.002546
6.740000 -0.002989
6.750000 -0.003501
6.760000 -0.004090
6.770000 -0.004768
6.780000 -0.005544
6.790000 -0.006431
6.800000 -0.007442
6.810000 -0.008592
6.820000 -0.009897
6.830000 -0.011373
6.840000 -0.013039
6.850000 -0.014914
6.860000 -0.017020
6.870000 -0.019379
6.880000 -0.022015
6.890000 -0.024953
6.900000 -0.028220
6.910000 -0.031842
6.920000 -0.035850
6.930000 -0.040273
6.940000 -0.045142
6.950000 -0.050489
6.960000 -0.056346
6.970000 -0.062745
6.980000 -0.069720
6.990000 -0.077304
7.000000 -0.085528
7.010000 -0.094426
7.020000 -0.104027
7.030000 -0.114362
7.040000 -0.125458
7.050000 -0.137341
7.060000 -0.150034
7.070000 -0.163559
7.080000 -0.177931
7.090000 -0.193166
7.100000 -0.209271
7.110000 -0.226252
7.120000 -0.244108
7.130000 -0.262835
7.140000 -0.282421
7.150000 -0.302849
7.160000 -0.324095
7.170000 -0.346131
7.180000 -0.368918
7.190000 -0.392414
7.200000 -0.416568
7.210000 -0.441325
7.220000 -0.466617
7.230000 -0.492376
7.240000 -0.518523
7.250000 -0.544975
7.260000 -0.571642
7.270000 -0.598427
7.280000 -0.625232
7.290000 -0.651949
7.300000 -0.678473
7.310000 -0.704688
7.320000 -0.730483
7.330000 -0.755738
7.340000 -0.780339
7.350000 -0.804167
7.360000 -0.827108
7.370000 -0.849045
7.380000 -0.869870
7.390000 -0.889472
7.400000 -0.907751
7.410000 -0.924607
7.420000 -0.939950
7.430000 -0.953697
7.440000 -0.965771
7.450000 -0.976105
7.460000 -0.984642
7.470000 -0.991332
7.480000 -0.996139
7.490000 -0.999033
7.500000 -1.000000
7.510000 -0.999033
7.520000 -0.996139
7.530000 -0.991332
7.540000 -0.984642
7.550000 -0.976105
7.560000 -0.965771
7.570000 -0.953697
7.580000 -0.939950
7.590000 -0.924607
7.600000 -0.907751
7.610000 -0.889472
7.620000 -0.869870
7.630000 -0.849045
7.640000 -0.827108
7.650000 -0.804167
7.660000 -0.780339
7.670000 -0.755738
7.680000 -0.730483
7.690000 -0.704688
7.700000 -0.678473
7.710000 -0.651949
7.720000 -0.625232
7.730000 -0.598427
7.740000 -0.571642
7.750000 -0.544975
7.760000 -0.518523
7.770000 -0.492376
7.780000 -0.466617
7.790000 -0.441325
7.800000 -0.416568
7.810000 -0.392414
7.820000 -0.368918
7.830000 -0.346131
7.840000 -0.324095
7.850000 -0.302849
7.860000 -0.282421
7.870000 -0.262835
7.880000 -0.244108
7.890000 -0.226252
7.900000 -0.209271
7.910000 -0.193166
7.920000 -0.177931
7.930000 -0.163559
7.940000 -0.150034
7.950000 -0.137341
7.960000 -0.125458
7.970000 -0.114362
7.980000 -0.104027
7.990000 -0.094426
8.000000 -0.085528
8.010000 -0.077304
8.020000 -0.069720
8.030000 -0.062745
8.040000 -0.056346
8.050000 -0.050489
8.060000 -0.045142
8.070000 -0.040273
8.080000 -0.035850
8.090000 -0.031842
8.100000 -0.028219
8.110000 -0.024953
8.120000 -0.022015
8.130000 -0.019379
8.140000 -0.017020
8.150000 -0.014914
8.160000 -0.013039
8.170000 -0.011373
8.180000 -0.009897
8.190000 -0.008593
8.200000 -0.007442
8.210000 -0.006431
8.220000 -0.005544
8.230000 -0.004768
8.240000 -0.004090
8.250000 -0.003501
8.260000 -0.002989
8.270000 -0.002546
8.280000 -0.002163
8.290000 -0.001833
8.300000 -0.001549
8.310000 -0.001306
8.320000 -0.001099
8.330000 -0.000922
8.340000 -0.000771
8.350000 -0.000644
8.360000 -0.000536
8.370000 -0.000445
8.380000 -0.000368
8.390000 -0.000304
8.400000 -0.000251
8.410000 -0.000206
8.420000 -0.000169
8.430000 -0.000138
8.440000 -0.000112
8.450000 -0.000091
8.460000 -0.000074
8.470000 -0.000060
8.480000 -0.000048
8.490000 -0.000039
8.500000 -0.000031
8.510000 -0.000025
8.520000 -0.000020
8.530000 -0.000016
8.540000 -0.000012
8.550000 -0.000010
8.560000 -0.000008
8.570000 -0.000006
8.580000 -0.000005
8.590000 -0.000004
8.600000 -0.000003
8.610000 -0.000002
8.620000 -0.000002
8.630000 -0.000001
8.640000 -0.000001
8.650000 -0.000001
8.660000 -0.000001
8.670000 -0.000000
8.680000 -0.000000
8.690000 -0.000000
8.700000 -0.000000
8.710000 -0.000000
8.720000 -0.000000
8.730000 -0.000000
8.740000 -0.000000
8.750000 -0.000000
8.760000 -0.000000
8.770000 -0.000000
8.780000 -0.000000
8.790000 -0.000000
8.800000 -0.000000
8.810000 -0.000000
8.820000 -0.000000
8.830000 -0.000000
8.840000 -0.000000
8.850000 -0.000000
8.860000 -0.000000
8.870000 -0.000000
8.880000 -0.000000
8.890000 -0.000000
8.900000 -0.000000
8.910000 -0.000000
8.920000 -0.000000
8.930000 -0.000000
8.940000 -0.000000
8.950000 -0.000000
8.960000 -0.000000
8.970000 -0.000000
8.980000 -0.000000
8.990000 -0.000000
9.000000 -0.000000
9.010000 -0.000000
9.020000 -0.000000
9.030000 -0.000000
9.040000 -0.000000
9.050000 -0.000000
9.060000 -0.000000
9.070000 -0.000000
9.080000 -0.000000
9.090000 -0.000000
9.100000 -0.000000
9.110000 -0.000000
9.120000 -0.000000
9.130000 -0.000000
9.140000 -0.000000
9.150000 -0.000000
9.160000 -0.000000
9.170000 -0.000000
9.180000 -0.000000
9.190000 -0.000000
9.200000 -0.000000
9.210000 -0.000000
9.220000 -0.000000
9.230000 -0.000000
9.240000 -0.000000
9.250000 -0.000000
9.260000 -0.000000
9.270000 -0.000000
9.280000 -0.000000
9.290000 -0.000000
9.300000 -0.000000
9.310000 -0.000000
9.320000 -0.000000
9.330000 -0.000000
9.340000 -0.000000
9.350000 -0.000000
9.360000 -0.000000
9.370000 -0.000000
9.380000 -0.000000
9.390000 -0.000000
9.400000 -0.000000
9.410000 -0.000000
9.420000 -0.000000
9.430000 -0.000000
9.440000 -0.000000
9.450000 -0.000000
9.460000 -0.000000
9.470000 -0.000000
9.480000 -0.000000
9.490000 -0.000000
9.500000 -0.000000
9.510000 -0.000000
9.520000 -0.000000
9.530000 -0.000000
9.540000 -0.000000
9.550000 -0.000000
9.560000 -0.000000
9.570000 -0.000000
9.580000 -0.000000
9.590000 -0.000000
9.600000 -0.000000
9.610000 -0.000000
9.620000 -0.000000
9.630000 -0.000000
9.640000 -0.000000
9.650000 -0.000000
9.660000 -0.000000
9.670000 -0.000000
9.680000 -0.000000
9.690000 -0.000000
9.700000 -0.000000
9.710000 -0.000000
9.720000 -0.000000
9.730000 -0.000000
9.740000 -0.000000
9.750000 -0.000000
9.760000 -0.000000
9.770000 -0.000000
9.780000 -0.000000
9.790000 -0.000000
9.800000 -0.000000
9.810000 -0.000000
9.820000 -0.000000
9.830000 -0.000000
9.840000 -0.000000
9.850000 -0.000000
9.860000 -0.000000
9.870000 -0.000000
9.880000 -0.000000
9.890000 -0.000000
9.900000 -0.000000
9.910000 -0.000000
9.920000 -0.000000
9.930000 -0.000000
9.940000 -0.000000
9.950000 -0.000000
9.960000 -0.000000
9.970000 -0.000000
9.980000 -0.000000
9.990000 -0.000000
10.000000 -0.000000
