0.000000 0.000000
0.010000 0.000000
0.020000 0.000000
0.030000 0.000000
0.040000 0.000000
0.050000 0.000000
0.060000 0.000000
0.070000 0.000000
0.080000 0.000000
0.090000 0.000000
0.100000 0.000000
0.110000 0.000000
0.120000 0.000000
0.130000 0.000000
0.140000 0.000000
0.150000 0.000000
0.160000 0.000000
0.170000 0.000000
0.180000 0.000000
0.190000 0.000000
0.200000 0.000000
0.210000 0.000000
0.220000 0.000000
0.230000 0.000000
0.240000 0.000000
0.250000 0.000000
0.260000 0.000000
0.270000 0.000000
0.280000 0.000000
0.290000 0.000000
0.300000 0.000000
0.310000 0.000000
0.320000 0.000000
0.330000 0.000000
0.340000 0.000000
0.350000 0.000000
0.360000 0.000000
0.370000 0.000000
0.380000 0.000000
0.390000 0.000000
0.400000 0.000000
0.410000 0.000000
0.420000 0.000000
0.430000 0.000000
0.440000 0.000000
0.450000 0.000000
0.460000 0.000000
0.470000 0.000000
0.480000 0.000000
0.490000 0.000000
0.500000 0.000000
0.510000 0.000000
0.520000 0.000000
0.530000 0.000000
0.540000 0.000000
0.550000 0.000000
0.560000 0.000000
0.570000 0.000000
0.580000 0.000000
0.590000 0.000000
0.600000 0.000000
0.610000 0.000000
0.620000 0.000000
0.630000 0.000000
0.640000 0.000000
0.650000 0.000000
0.660000 0.000000
0.670000 0.000000
0.680000 0.000000
0.690000 0.000000
0.700000 0.000000
0.710000 0.000000
0.720000 0.000000
0.730000 0.000000
0.740000 0.000000
0.750000 0.000000
0.760000 0.000000
0.770000 0.000000
0.780000 0.000000
0.790000 0.000000
0.800000 0.000000
0.810000 0.000000
0.820000 0.000000
0.830000 0.000000
0.840000 0.000000
0.850000 0.000000
0.860000 0.000000
0.870000 0.000000
0.880000 0.000000
0.890000 0.000000
0.900000 0.000000
0.910000 0.000000
0.920000 0.000000
0.930000 0.000000
0.940000 0.000000
0.950000 0.000000
0.960000 0.000000
0.970000 0.000000
0.980000 0.000000
0.990000 0.000000
1.000000 0.000000
1.010000 0.000000
1.020000 0.000000
1.030000 0.000000
1.040000 0.000000
1.050000 0.000000
1.060000 0.000000
1.070000 0.000000
1.080000 0.000000
1.090000 0.000000
1.100000 0.000000
1.110000 0.000000
1.120000 0.000000
1.130000 0.000000
1.140000 0.000000
1.150000 0.000000
1.160000 0.000000
1.170000 0.000000
1.180000 0.000000
1.190000 0.000000
1.200000 0.000000
1.210000 0.000000
1.220000 0.000000
1.230000 0.000001
1.240000 0.000001
1.250000 0.000001
1.260000 0.000001
1.270000 0.000002
1.280000 0.000002
1.290000 0.000003
1.300000 0.000003
1.310000 0.000004
1.320000 0.000005
1.330000 0.000006
1.340000 0.000008
1.350000 0.000010
1.360000 0.000013
1.370000 0.000016
1.380000 0.000019
1.390000 0.000024
1.400000 0.000030
1.410000 0.000036
1.420000 0.000045
1.430000 0.000055
1.440000 0.000067
1.450000 0.000081
1.460000 0.000098
1.470000 0.000119
1.480000 0.000144
1.490000 0.000173
1.500000 0.000208
1.510000 0.000250
1.520000 0.000298
1.530000 0.000356
1.540000 0.000424
1.550000 0.000503
1.560000 0.000596
1.570000 0.000705
1.580000 0.000832
1.590000 0.000979
1.600000 0.001149
1.610000 0.001347
1.620000 0.001574
1.630000 0.001836
1.640000 0.002137
1.650000 0.002483
1.660000 0.002877
1.670000 0.003328
1.680000 0.003841
1.690000 0.004424
1.700000 0.005084
1.710000 0.005832
1.720000 0.006675
1.730000 0.007626
1.740000 0.008693
1.750000 0.009891
1.760000 0.011231
1.770000 0.012728
1.780000 0.014395
1.790000 0.016250
1.800000 0.018307
1.810000 0.020586
1.820000 0.023104
1.830000 0.025880
1.840000 0.028935
1.850000 0.032290
1.860000 0.035966
1.870000 0.039986
1.880000 0.044373
1.890000 0.049151
1.900000 0.054343
1.910000 0.059974
1.920000 0.066068
1.930000 0.072650
1.940000 0.079744
1.950000 0.087374
1.960000 0.095564
1.970000 0.104335
1.980000 0.113711
1.990000 0.123711
2.000000 0.134355
2.010000 0.145660
2.020000 0.157642
2.030000 0.170314
2.040000 0.183687
2.050000 0.197771
2.060000 0.212570
2.070000 0.228087
2.080000 0.244321
2.090000 0.261268
2.100000 0.278918
2.110000 0.297260
2.120000 0.316277
2.130000 0.335948
2.140000 0.356248
2.150000 0.377148
2.160000 0.398611
2.170000 0.420600
2.180000 0.443071
2.190000 0.465976
2.200000 0.489261
2.210000 0.512869
2.220000 0.536740
2.230000 0.560808
2.240000 0.585002
2.250000 0.609252
2.260000 0.633481
2.270000 0.657610
2.280000 0.681558
2.290000 0.705242
2.300000 0.728577
2.310000 0.751478
2.320000 0.773857
2.330000 0.795630
2.340000 0.816710
2.350000 0.837012
2.360000 0.856453
2.370000 0.874952
2.380000 0.892431
2.390000 0.908815
2.400000 0.924032
2.410000 0.938015
2.420000 0.950703
2.430000 0.962038
2.440000 0.971969
2.450000 0.980451
2.460000 0.987445
2.470000 0.992919
2.480000 0.996847
2.490000 0.999211
2.500000 1.000000
2.510000 0.999211
2.520000 0.996847
2.530000 0.992919
2.540000 0.987445
2.550000 0.980451
2.560000 0.971969
2.570000 0.962038
2.580000 0.950703
2.590000 0.938015
2.600000 0.924032
2.610000 0.908815
2.620000 0.892431
2.630000 0.874952
2.640000 0.856453
2.650000 0.837012
2.660000 0.816710
2.670000 0.795630
2.680000 0.773857
2.690000 0.751478
2.700000 0.728577
2.710000 0.705242
2.720000 0.681558
2.730000 0.657610
2.740000 0.633481
2.750000 0.609252
2.760000 0.585002
2.770000 0.560808
2.780000 0.536740
2.790000 0.512869
2.800000 0.489261
2.810000 0.465976
2.820000 0.443071
2.830000 0.420600
2.840000 0.398611
2.850000 0.377148
2.860000 0.356248
2.870000 0.335948
2.880000 0.316277
2.890000 0.297260
2.900000 0.278918
2.910000 0.261268
2.920000 0.244321
2.930000 0.228087
2.940000 0.212570
2.950000 0.197771
2.960000 0.183687
2.970000 0.170314
2.980000 0.157642
2.990000 0.145660
3.000000 0.134355
3.010000 0.123711
3.020000 0.113711
3.030000 0.104335
3.040000 0.095564
3.050000 0.087374
3.060000 0.079744
3.070000 0.072650
3.080000 0.066068
3.090000 0.059974
3.100000 0.054343
3.110000 0.049151
3.120000 0.044373
3.130000 0.039986
3.140000 0.035966
3.150000 0.032290
3.160000 0.028935
3.170000 0.025880
3.180000 0.023104
3.190000 0.020586
3.200000 0.018307
3.210000 0.016250
3.220000 0.014395
3.230000 0.012728
3.240000 0.011231
3.250000 0.009891
3.260000 0.008693
3.270000 0.007626
3.280000 0.006675
3.290000 0.005832
3.300000 0.005084
3.310000 0.004424
3.320000 0.003841
3.330000 0.003328
3.340000 0.002877
3.350000 0.002483
3.360000 0.002137
3.370000 0.001836
3.380000 0.001574
3.390000 0.001347
3.400000 0.001149
3.410000 0.000979
3.420000 0.000832
3.430000 0.000705
3.440000 0.000596
3.450000 0.000503
3.460000 0.000424
3.470000 0.000356
3.480000 0.000298
3.490000 0.000250
3.500000 0.000208
3.510000 0.000173
3.520000 0.000144
3.530000 0.000119
3.540000 0.000098
3.550000 0.000081
3.560000 0.000067
3.570000 0.000055
3.580000 0.000045
3.590000 0.000036
3.600000 0.000030
3.610000 0.000024
3.620000 0.000019
3.630000 0.000016
3.640000 0.000013
3.650000 0.000010
3.660000 0.000008
3.670000 0.000006
3.680000 0.000005
3.690000 0.000004
3.700000 0.000003
3.710000 0.000003
3.720000 0.000002
3.730000 0.000002
3.740000 0.000001
3.750000 0.000001
3.760000 0.000001
3.770000 0.000001
3.780000 0.000000
3.790000 0.000000
3.800000 0.000000
3.810000 0.000000
3.820000 0.000000
3.830000 0.000000
3.840000 0.000000
3.850000 0.000000
3.860000 0.000000
3.870000 0.000000
3.880000 0.000000
3.890000 0.000000
3.900000 0.000000
3.910000 0.000000
3.920000 0.000000
3.930000 0.000000
3.940000 0.000000
3.950000 0.000000
3.960000 0.000000
3.970000 0.000000
3.980000 0.000000
3.990000 0.000000
4.000000 0.000000
4.010000 0.000000
4.020000 0.000000
4.030000 0.000000
4.040000 0.000000
4.050000 0.000000
4.060000 0.000000
4.070000 0.000000
4.080000 0.000000
4.090000 0.000000
4.100000 0.000000
4.110000 0.000000
4.120000 0.000000
4.130000 0.000000
4.140000 0.000000
4.150000 0.000000
4.160000 0.000000
4.170000 0.000000
4.180000 0.000000
4.190000 0.000000
4.200000 0.000000
4.210000 0.000000
4.220000 0.000000
4.230000 0.000000
4.240000 0.000000
4.250000 0.000000
4.260000 0.000000
4.270000 0.000000
4.280000 0.000000
4.290000 0.000000
4.300000 0.000000
4.310000 0.000000
4.320000 0.000000
4.330000 0.000000
4.340000 0.000000
4.350000 0.000000
4.360000 0.000000
4.370000 0.000000
4.380000 0.000000
4.390000 0.000000
4.400000 0.000000
4.410000 0.000000
4.420000 0.000000
4.430000 0.000000
4.440000 0.000000
4.450000 0.000000
4.460000 0.000000
4.470000 0.000000
4.480000 0.000000
4.490000 0.000000
4.500000 0.000000
4.510000 0.000000
4.520000 0.000000
4.530000 0.000000
4.540000 0.000000
4.550000 0.000000
4.560000 0.000000
4.570000 0.000000
4.580000 0.000000
4.590000 0.000000
4.600000 0.000000
4.610000 0.000000
4.620000 0.000000
4.630000 0.000000
4.640000 0.000000
4.650000 0.000000
4.660000 0.000000
4.670000 0.000000
4.680000 0.000000
4.690000 0.000000
4.700000 0.000000
4.710000 0.000000
4.720000 0.000000
4.730000 0.000000
4.740000 0.000000
4.750000 0.000000
4.760000 0.000000
4.770000 0.000000
4.780000 0.000000
4.790000 0.000000
4.800000 0.000000
4.810000 0.000000
4.820000 0.000000
4.830000 0.000000
4.840000 0.000000
4.850000 0.000000
4.860000 0.000000
4.870000 0.000000
4.880000 0.000000
4.890000 0.000000
4.900000 0.000000
4.910000 0.000000
4.920000 0.000000
4.930000 0.000000
4.940000 0.000000
4.950000 0.000000
4.960000 0.000000
4.970000 0.000000
4.980000 0.000000
4.990000 0.000000
5.000000 0.000000
5.010000 0.000000
5.020000 0.000000
5.030000 0.000000
5.040000 0.000000
5.050000 0.000000
5.060000 0.000000
5.070000 0.000000
5.080000 0.000000
5.090000 0.000000
5.100000 0.000000
5.110000 0.000000
5.120000 0.000000
5.130000 0.000000
5.140000 0.000000
5.150000 0.000000
5.160000 0.000000
5.170000 0.000000
5.180000 0.000000
5.190000 0.000000
5.200000 0.000000
5.210000 0.000000
5.220000 0.000000
5.230000 0.000000
5.240000 0.000000
5.250000 0.000000
5.260000 0.000000
5.270000 0.000000
5.280000 0.000000
5.290000 0.000000
5.300000 0.000000
5.310000 0.000000
5.320000 0.000000
5.330000 0.000000
5.340000 0.000000
5.350000 0.000000
5.360000 0.000000
5.370000 0.000000
5.380000 0.000000
5.390000 0.000000
5.400000 0.000000
5.410000 0.000000
5.420000 0.000000
5.430000 0.000000
5.440000 0.000000
5.450000 0.000000
5.460000 0.000000
5.470000 0.000000
5.480000 0.000000
5.490000 0.000000
5.500000 0.000000
5.510000 0.000000
5.520000 0.000000
5.530000 0.000000
5.540000 0.000000
5.550000 0.000000
5.560000 0.000000
5.570000 0.000000
5.580000 0.000000
5.590000 0.000000
5.600000 0.000000
5.610000 0.000000
5.620000 0.000000
5.630000 0.000000
5.640000 0.000000
5.650000 0.000000
5.660000 0.000000
5.670000 0.000000
5.680000 0.000000
5.690000 0.000000
5.700000 0.000000
5.710000 0.000000
5.720000 0.000000
5.730000 0.000000
5.740000 0.000000
5.750000 0.000000
5.760000 0.000000
5.770000 0.000000
5.780000 0.000000
5.790000 0.000000
5.800000 0.000000
5.810000 0.000000
5.820000 0.000000
5.830000 0.000000
5.840000 0.000000
5.850000 0.000000
5.860000 0.000000
5.870000 0.000000
5.880000 0.000000
5.890000 0.000000
5.900000 0.000000
5.910000 0.000000
5.920000 0.000000
5.930000 0.000000
5.940000 0.000000
5.950000 0.000000
5.960000 0.000000
5.970000 0.000000
5.980000 0.000000
5.990000 0.000000
6.000000 0.000000
6.010000 0.000000
6.020000 0.000000
6.030000 0.000000
6.040000 0.000000
6.050000 0.000000
6.060000 0.000000
6.070000 0.000000
6.080000 0.000000
6.090000 0.000000
6.100000 0.000000
6.110000 0.000000
6.120000 0.000000
6.130000 0.000000
6.140000 0.000000
6.150000 0.000000
6.160000 0.000000
6.170000 0.000000
6.180000 0.000000
6.190000 0.000000
6.200000 0.000000
6.210000 0.000000
6.220000 0.000000
6.230000 0.000001
6.240000 0.000001
6.250000 0.000001
6.260000 0.000001
6.270000 0.000002
6.280000 0.000002
6.290000 0.000003
6.300000 0.000003
6.310000 0.000004
6.320000 0.000005
6.330000 0.000006
6.340000 0.000008
6.350000 0.000010
6.360000 0.000013
6.370000 0.000016
6.380000 0.000019
6.390000 0.000024
6.400000 0.000030
6.410000 0.000036
6.420000 0.000045
6.430000 0.000055
6.440000 0.000067
6.450000 0.000081
6.460000 0.000098
6.470000 0.000119
6.480000 0.000144
6.490000 0.000173
6.500000 0.000208
6.510000 0.000250
6.520000 0.000298
6.530000 0.000356
6.540000 0.000424
6.550000 0.000503
6.560000 0.000596
6.570000 0.000705
6.580000 0.000832
6.590000 0.000979
6.600000 0.001149
6.610000 0.001347
6.620000 0.001574
6.630000 0.001836
6.640000 0.002137
6.650000 0.002483
6.660000 0.002877
6.670000 0.003328
6.680000 0.003841
6.690000 0.004424
6.700000 0.005084
6.710000 0.005832
6.720000 0.006675
6.730000 0.007626
6.740000 0.008693
6.750000 0.009891
6.760000 0.011231
6.770000 0.012728
6.780000 0.014395
6.790000 0.016250
6.800000 0.018307
6.810000 0.020586
6.820000 0.023104
6.830000 0.025880
6.840000 0.028935
6.850000 0.032290
6.860000 0.035966
6.870000 0.039986
6.880000 0.044373
6.890000 0.049151
6.900000 0.054343
6.910000 0.059974
6.920000 0.066068
6.930000 0.072650
6.940000 0.079744
6.950000 0.087374
6.960000 0.095564
6.970000 0.104335
6.980000 0.113711
6.990000 0.123711
7.000000 0.134355
7.010000 0.145660
7.020000 0.157642
7.030000 0.170314
7.040000 0.183687
7.050000 0.197771
7.060000 0.212570
7.070000 0.228088
7.080000 0.244321
7.090000 0.261268
7.100000 0.278918
7.110000 0.297260
7.120000 0.316277
7.130000 0.335948
7.140000 0.356248
7.150000 0.377148
7.160000 0.398611
7.170000 0.420600
7.180000 0.443071
7.190000 0.465976
7.200000 0.489260
7.210000 0.512869
7.220000 0.536740
7.230000 0.560808
7.240000 0.585002
7.250000 0.609252
7.260000 0.633481
7.270000 0.657610
7.280000 0.681558
7.290000 0.705242
7.300000 0.728577
7.310000 0.751478
7.320000 0.773858
7.330000 0.795630
7.340000 0.816711
7.350000 0.837012
7.360000 0.856454
7.370000 0.874952
7.380000 0.892431
7.390000 0.908815
7.400000 0.924032
7.410000 0.938015
7.420000 0.950703
7.430000 0.962038
7.440000 0.971969
7.450000 0.980451
7.460000 0.987445
7.470000 0.992919
7.480000 0.996847
7.490000 0.999211
7.500000 1.000000
7.510000 0.999211
7.520000 0.996847
7.530000 0.992919
7.540000 0.987445
7.550000 0.980451
7.560000 0.971969
7.570000 0.962038
7.580000 0.950703
7.590000 0.938015
7.600000 0.924032
7.610000 0.908815
7.620000 0.892431
7.630000 0.874952
7.640000 0.856454
7.650000 0.837012
7.660000 0.816711
7.670000 0.795630
7.680000 0.773858
7.690000 0.751478
7.700000 0.728577
7.710000 0.705242
7.720000 0.681558
7.730000 0.657610
7.740000 0.633481
7.750000 0.609252
7.760000 0.585002
7.770000 0.560808
7.780000 0.536740
7.790000 0.512869
7.800000 0.489260
7.810000 0.465976
7.820000 0.443071
7.830000 0.420600
7.840000 0.398611
7.850000 0.377148
7.860000 0.356248
7.870000 0.335948
7.880000 0.316277
7.890000 0.297260
7.900000 0.278918
7.910000 0.261268
7.920000 0.244321
7.930000 0.228088
7.940000 0.212570
7.950000 0.197771
7.960000 0.183687
7.970000 0.170314
7.980000 0.157642
7.990000 0.145660
8.000000 0.134355
8.010000 0.123711
8.020000 0.113711
8.030000 0.104336
8.040000 0.095564
8.050000 0.087374
8.060000 0.079744
8.070000 0.072650
8.080000 0.066068
8.090000 0.059974
8.100000 0.054343
8.110000 0.049151
8.120000 0.044373
8.130000 0.039986
8.140000 0.035966
8.150000 0.032290
8.160000 0.028935
8.170000 0.025880
8.180000 0.023103
8.190000 0.020586
8.200000 0.018307
8.210000 0.016250
8.220000 0.014395
8.230000 0.012728
8.240000 0.011231
8.250000 0.009891
8.260000 0.008693
8.270000 0.007625
8.280000 0.006675
8.290000 0.005832
8.300000 0.005084
8.310000 0.004424
8.320000 0.003841
8.330000 0.003328
8.340000 0.002877
8.350000 0.002483
8.360000 0.002138
8.370000 0.001836
8.380000 0.001574
8.390000 0.001347
8.400000 0.001149
8.410000 0.000979
8.420000 0.000832
8.430000 0.000705
8.440000 0.000596
8.450000 0.000503
8.460000 0.000424
8.470000 0.000356
8.480000 0.000298
8.490000 0.000250
8.500000 0.000208
8.510000 0.000173
8.520000 0.000144
8.530000 0.000119
8.540000 0.000098
8.550000 0.000081
8.560000 0.000067
8.570000 0.000055
8.580000 0.000045
8.590000 0.000036
8.600000 0.000030
8.610000 0.000024
8.620000 0.000019
8.630000 0.000016
8.640000 0.000013
8.650000 0.000010
8.660000 0.000008
8.670000 0.000006
8.680000 0.000005
8.690000 0.000004
8.700000 0.000003
8.710000 0.000003
8.720000 0.000002
8.730000 0.000002
8.740000 0.000001
8.750000 0.000001
8.760000 0.000001
8.770000 0.000001
8.780000 0.000000
8.790000 0.000000
8.800000 0.000000
8.810000 0.000000
8.820000 0.000000
8.830000 0.000000
8.840000 0.000000
8.850000 0.000000
8.860000 0.000000
8.870000 0.000000
8.880000 0.000000
8.890000 0.000000
8.900000 0.000000
8.910000 0.000000
8.920000 0.000000
8.930000 0.000000
8.940000 0.000000
8.950000 0.000000
8.960000 0.000000
8.970000 0.000000
8.980000 0.000000
8.990000 0.000000
9.000000 0.000000
9.010000 0.000000
9.020000 0.000000
9.030000 0.000000
9.040000 0.000000
9.050000 0.000000
9.060000 0.000000
9.070000 0.000000
9.080000 0.000000
9.090000 0.000000
9.100000 0.000000
9.110000 0.000000
9.120000 0.000000
9.130000 0.000000
9.140000 0.000000
9.150000 0.000000
9.160000 0.000000
9.170000 0.000000
9.180000 0.000000
9.190000 0.000000
9.200000 0.000000
9.210000 0.000000
9.220000 0.000000
9.230000 0.000000
9.240000 0.000000
9.250000 0.000000
9.260000 0.000000
9.270000 0.000000
9.280000 0.000000
9.290000 0.000000
9.300000 0.000000
9.310000 0.000000
9.320000 0.000000
9.330000 0.000000
9.340000 0.000000
9.350000 0.000000
9.360000 0.000000
9.370000 0.000000
9.380000 0.000000
9.390000 0.000000
9.400000 0.000000
9.410000 0.000000
9.420000 0.000000
9.430000 0.000000
9.440000 0.000000
9.450000 0.000000
9.460000 0.000000
9.470000 0.000000
9.480000 0.000000
9.490000 0.000000
9.500000 0.000000
9.510000 0.000000
9.520000 0.000000
9.530000 0.000000
9.540000 0.000000
9.550000 0.000000
9.560000 0.000000
9.570000 0.000000
9.580000 0.000000
9.590000 0.000000
9.600000 0.000000
9.610000 0.000000
9.620000 0.000000
9.630000 0.000000
9.640000 0.000000
9.650000 0.000000
9.660000 0.000000
9.670000 0.000000
9.680000 0.000000
9.690000 0.000000
9.700000 0.000000
9.710000 0.000000
9.720000 0.000000
9.730000 0.000000
9.740000 0.000000
9.750000 0.000000
9.760000 0.000000
9.770000 0.000000
9.780000 0.000000
9.790000 0.000000
9.800000 0.000000
9.810000 0.000000
9.820000 0.000000
9.830000 0.000000
9.840000 0.000000
9.850000 0.000000
9.860000 0.000000
9.870000 0.000000
9.880000 0.000000
9.890000 0.000000
9.900000 0.000000
9.910000 0.000000
9.920000 0.000000
9.930000 0.000000
9.940000 0.000000
9.950000 0.000000
9.960000 0.000000
9.970000 0.000000
9.980000 0.000000
9.990000 0.000000
10.000000 0.000000
