0.000000 0.000000
0.010000 0.000000
0.020000 0.000000
0.030000 0.000000
0.040000 0.000000
0.050000 0.000000
0.060000 0.000000
0.070000 0.000000
0.080000 0.000000
0.090000 0.000000
0.100000 0.000000
0.110000 0.000000
0.120000 0.000000
0.130000 0.000000
0.140000 0.000000
0.150000 0.000000
0.160000 0.000000
0.170000 0.000000
0.180000 0.000000
0.190000 0.000000
0.200000 0.000000
0.210000 0.000000
0.220000 0.000000
0.230000 0.000000
0.240000 0.000000
0.250000 0.000000
0.260000 0.000000
0.270000 0.000000
0.280000 0.000000
0.290000 0.000000
0.300000 0.000000
0.310000 0.000000
0.320000 0.000000
0.330000 0.000000
0.340000 0.000000
0.350000 0.000000
0.360000 0.000000
0.370000 0.000000
0.380000 0.000000
0.390000 0.000000
0.400000 0.000000
0.410000 0.000000
0.420000 0.000000
0.430000 0.000000
0.440000 0.000000
0.450000 0.000000
0.460000 0.000000
0.470000 0.000000
0.480000 0.000000
0.490000 0.000000
0.500000 0.000000
0.510000 0.000000
0.520000 0.000000
0.530000 0.000000
0.540000 0.000000
0.550000 0.000000
0.560000 0.000000
0.570000 0.000000
0.580000 0.000000
0.590000 0.000000
0.600000 0.000000
0.610000 0.000000
0.620000 0.000000
0.630000 0.000000
0.640000 0.000000
0.650000 0.000000
0.660000 0.000000
0.670000 0.000000
0.680000 0.000000
0.690000 0.000000
0.700000 0.000000
0.710000 0.000000
0.720000 0.000000
0.730000 0.000000
0.740000 0.000000
0.750000 0.000000
0.760000 0.000000
0.770000 0.000000
0.780000 0.000000
0.790000 0.000000
0.800000 0.000000
0.810000 0.000000
0.820000 0.000000
0.830000 0.000000
0.840000 0.000000
0.850000 0.000000
0.860000 0.000000
0.870000 0.000000
0.880000 0.000000
0.890000 0.000000
0.900000 0.000000
0.910000 0.000000
0.920000 0.000000
0.930000 0.000000
0.940000 0.000000
0.950000 0.000000
0.960000 0.000000
0.970000 0.000000
0.980000 0.000000
0.990000 0.000000
1.000000 0.000000
1.010000 0.000000
1.020000 0.000000
1.030000 0.000000
1.040000 0.000000
1.050000 0.000000
1.060000 0.000000
1.070000 0.000000
1.080000 0.000000
1.090000 0.000000
1.100000 0.000000
1.110000 0.000000
1.120000 0.000000
1.130000 0.000000
1.140000 0.000000
1.150000 0.000000
1.160000 0.000000
1.170000 0.000000
1.180000 0.000000
1.190000 0.000000
1.200000 0.000001
1.210000 0.000001
1.220000 0.000001
1.230000 0.000001
1.240000 0.000001
1.250000 0.000002
1.260000 0.000002
1.270000 0.000003
1.280000 0.000004
1.290000 0.000005
1.300000 0.000006
1.310000 0.000008
1.320000 0.000009
1.330000 0.000012
1.340000 0.000015
1.350000 0.000018
1.360000 0.000022
1.370000 0.000027
1.380000 0.000033
1.390000 0.000041
1.400000 0.000050
1.410000 0.000061
1.420000 0.000074
1.430000 0.000089
1.440000 0.000108
1.450000 0.000130
1.460000 0.000156
1.470000 0.000187
1.480000 0.000224
1.490000 0.000267
1.500000 0.000318
1.510000 0.000378
1.520000 0.000448
1.530000 0.000530
1.540000 0.000625
1.550000 0.000736
1.560000 0.000865
1.570000 0.001014
1.580000 0.001186
1.590000 0.001384
1.600000 0.001612
1.610000 0.001874
1.620000 0.002174
1.630000 0.002516
1.640000 0.002907
1.650000 0.003351
1.660000 0.003855
1.670000 0.004427
1.680000 0.005072
1.690000 0.005801
1.700000 0.006621
1.710000 0.007542
1.720000 0.008575
1.730000 0.009731
1.740000 0.011021
1.750000 0.012459
1.760000 0.014057
1.770000 0.015831
1.780000 0.017795
1.790000 0.019966
1.800000 0.022361
1.810000 0.024997
1.820000 0.027893
1.830000 0.031068
1.840000 0.034542
1.850000 0.038336
1.860000 0.042471
1.870000 0.046969
1.880000 0.051852
1.890000 0.057142
1.900000 0.062862
1.910000 0.069034
1.920000 0.075682
1.930000 0.082828
1.940000 0.090493
1.950000 0.098699
1.960000 0.107468
1.970000 0.116818
1.980000 0.126769
1.990000 0.137337
2.000000 0.148539
2.010000 0.160388
2.020000 0.172897
2.030000 0.186075
2.040000 0.199929
2.050000 0.214464
2.060000 0.229682
2.070000 0.245582
2.080000 0.262158
2.090000 0.279403
2.100000 0.297305
2.110000 0.315849
2.120000 0.335015
2.130000 0.354780
2.140000 0.375116
2.150000 0.395991
2.160000 0.417371
2.170000 0.439214
2.180000 0.461477
2.190000 0.484111
2.200000 0.507065
2.210000 0.530281
2.220000 0.553702
2.230000 0.577262
2.240000 0.600897
2.250000 0.624536
2.260000 0.648107
2.270000 0.671537
2.280000 0.694748
2.290000 0.717664
2.300000 0.740204
2.310000 0.762290
2.320000 0.783841
2.330000 0.804777
2.340000 0.825020
2.350000 0.844491
2.360000 0.863115
2.370000 0.880816
2.380000 0.897524
2.390000 0.913170
2.400000 0.927689
2.410000 0.941021
2.420000 0.953109
2.430000 0.963901
2.440000 0.973352
2.450000 0.981420
2.460000 0.988069
2.470000 0.993272
2.480000 0.997004
2.490000 0.999250
2.500000 1.000000
2.510000 0.999250
2.520000 0.997004
2.530000 0.993272
2.540000 0.988069
2.550000 0.981420
2.560000 0.973352
2.570000 0.963901
2.580000 0.953109
2.590000 0.941021
2.600000 0.927689
2.610000 0.913170
2.620000 0.897524
2.630000 0.880816
2.640000 0.863115
2.650000 0.844491
2.660000 0.825020
2.670000 0.804777
2.680000 0.783841
2.690000 0.762290
2.700000 0.740204
2.710000 0.717664
2.720000 0.694748
2.730000 0.671537
2.740000 0.648107
2.750000 0.624536
2.760000 0.600897
2.770000 0.577262
2.780000 0.553702
2.790000 0.530281
2.800000 0.507065
2.810000 0.484111
2.820000 0.461477
2.830000 0.439214
2.840000 0.417371
2.850000 0.395991
2.860000 0.375116
2.870000 0.354780
2.880000 0.335015
2.890000 0.315849
2.900000 0.297305
2.910000 0.279403
2.920000 0.262158
2.930000 0.245582
2.940000 0.229682
2.950000 0.214464
2.960000 0.199929
2.970000 0.186075
2.980000 0.172897
2.990000 0.160388
3.000000 0.148539
3.010000 0.137337
3.020000 0.126769
3.030000 0.116818
3.040000 0.107468
3.050000 0.098699
3.060000 0.090493
3.070000 0.082828
3.080000 0.075682
3.090000 0.069034
3.100000 0.062862
3.110000 0.057142
3.120000 0.051852
3.130000 0.046969
3.140000 0.042471
3.150000 0.038336
3.160000 0.034542
3.170000 0.031068
3.180000 0.027893
3.190000 0.024997
3.200000 0.022361
3.210000 0.019966
3.220000 0.017795
3.230000 0.015831
3.240000 0.014057
3.250000 0.012459
3.260000 0.011021
3.270000 0.009731
3.280000 0.008575
3.290000 0.007542
3.300000 0.006621
3.310000 0.005801
3.320000 0.005072
3.330000 0.004427
3.340000 0.003855
3.350000 0.003351
3.360000 0.002907
3.370000 0.002516
3.380000 0.002174
3.390000 0.001874
3.400000 0.001612
3.410000 0.001384
3.420000 0.001186
3.430000 0.001014
3.440000 0.000865
3.450000 0.000736
3.460000 0.000625
3.470000 0.000530
3.480000 0.000448
3.490000 0.000378
3.500000 0.000318
3.510000 0.000267
3.520000 0.000224
3.530000 0.000187
3.540000 0.000156
3.550000 0.000130
3.560000 0.000108
3.570000 0.000089
3.580000 0.000074
3.590000 0.000061
3.600000 0.000050
3.610000 0.000041
3.620000 0.000033
3.630000 0.000027
3.640000 0.000022
3.650000 0.000018
3.660000 0.000015
3.670000 0.000012
3.680000 0.000009
3.690000 0.000008
3.700000 0.000006
3.710000 0.000005
3.720000 0.000004
3.730000 0.000003
3.740000 0.000002
3.750000 0.000002
3.760000 0.000001
3.770000 0.000001
3.780000 0.000001
3.790000 0.000001
3.800000 0.000001
3.810000 0.000000
3.820000 0.000000
3.830000 0.000000
3.840000 0.000000
3.850000 0.000000
3.860000 0.000000
3.870000 0.000000
3.880000 0.000000
3.890000 0.000000
3.900000 0.000000
3.910000 0.000000
3.920000 0.000000
3.930000 0.000000
3.940000 0.000000
3.950000 0.000000
3.960000 0.000000
3.970000 0.000000
3.980000 0.000000
3.990000 0.000000
4.000000 0.000000
4.010000 0.000000
4.020000 0.000000
4.030000 0.000000
4.040000 0.000000
4.050000 0.000000
4.060000 0.000000
4.070000 0.000000
4.080000 0.000000
4.090000 0.000000
4.100000 0.000000
4.110000 0.000000
4.120000 0.000000
4.130000 0.000000
4.140000 0.000000
4.150000 0.000000
4.160000 0.000000
4.170000 0.000000
4.180000 0.000000
4.190000 0.000000
4.200000 0.000000
4.210000 0.000000
4.220000 0.000000
4.230000 0.000000
4.240000 0.000000
4.250000 0.000000
4.260000 0.000000
4.270000 0.000000
4.280000 0.000000
4.290000 0.000000
4.300000 0.000000
4.310000 0.000000
4.320000 0.000000
4.330000 0.000000
4.340000 0.000000
4.350000 0.000000
4.360000 0.000000
4.370000 0.000000
4.380000 0.000000
4.390000 0.000000
4.400000 0.000000
4.410000 0.000000
4.420000 0.000000
4.430000 0.000000
4.440000 0.000000
4.450000 0.000000
4.460000 0.000000
4.470000 0.000000
4.480000 0.000000
4.490000 0.000000
4.500000 0.000000
4.510000 0.000000
4.520000 0.000000
4.530000 0.000000
4.540000 0.000000
4.550000 0.000000
4.560000 0.000000
4.570000 0.000000
4.580000 0.000000
4.590000 0.000000
4.600000 0.000000
4.610000 0.000000
4.620000 0.000000
4.630000 0.000000
4.640000 0.000000
4.650000 0.000000
4.660000 0.000000
4.670000 0.000000
4.680000 0.000000
4.690000 0.000000
4.700000 0.000000
4.710000 0.000000
4.720000 0.000000
4.730000 0.000000
4.740000 0.000000
4.750000 0.000000
4.760000 0.000000
4.770000 0.000000
4.780000 0.000000
4.790000 0.000000
4.800000 0.000000
4.810000 0.000000
4.820000 0.000000
4.830000 0.000000
4.840000 0.000000
4.850000 0.000000
4.860000 0.000000
4.870000 0.000000
4.880000 0.000000
4.890000 0.000000
4.900000 0.000000
4.910000 0.000000
4.920000 0.000000
4.930000 0.000000
4.940000 0.000000
4.950000 0.000000
4.960000 0.000000
4.970000 0.000000
4.980000 0.000000
4.990000 0.000000
5.000000 0.000000
5.010000 0.000000
5.020000 0.000000
5.030000 0.000000
5.040000 0.000000
5.050000 0.000000
5.060000 0.000000
5.070000 0.000000
5.080000 0.000000
5.090000 0.000000
5.100000 0.000000
5.110000 0.000000
5.120000 0.000000
5.130000 0.000000
5.140000 0.000000
5.150000 0.000000
5.160000 0.000000
5.170000 0.000000
5.180000 0.000000
5.190000 0.000000
5.200000 0.000000
5.210000 0.000000
5.220000 0.000000
5.230000 0.000000
5.240000 0.000000
5.250000 0.000000
5.260000 0.000000
5.270000 0.000000
5.280000 0.000000
5.290000 0.000000
5.300000 0.000000
5.310000 0.000000
5.320000 0.000000
5.330000 0.000000
5.340000 0.000000
5.350000 0.000000
5.360000 0.000000
5.370000 0.000000
5.380000 0.000000
5.390000 0.000000
5.400000 0.000000
5.410000 0.000000
5.420000 0.000000
5.430000 0.000000
5.440000 0.000000
5.450000 0.000000
5.460000 0.000000
5.470000 0.000000
5.480000 0.000000
5.490000 0.000000
5.500000 0.000000
5.510000 0.000000
5.520000 0.000000
5.530000 0.000000
5.540000 0.000000
5.550000 0.000000
5.560000 0.000000
5.570000 0.000000
5.580000 0.000000
5.590000 0.000000
5.600000 0.000000
5.610000 0.000000
5.620000 0.000000
5.630000 0.000000
5.640000 0.000000
5.650000 0.000000
5.660000 0.000000
5.670000 0.000000
5.680000 0.000000
5.690000 0.000000
5.700000 0.000000
5.710000 0.000000
5.720000 0.000000
5.730000 0.000000
5.740000 0.000000
5.750000 0.000000
5.760000 0.000000
5.770000 0.000000
5.780000 0.000000
5.790000 0.000000
5.800000 0.000000
5.810000 0.000000
5.820000 0.000000
5.830000 0.000000
5.840000 0.000000
5.850000 0.000000
5.860000 0.000000
5.870000 0.000000
5.880000 0.000000
5.890000 0.000000
5.900000 0.000000
5.910000 0.000000
5.920000 0.000000
5.930000 0.000000
5.940000 0.000000
5.950000 0.000000
5.960000 0.000000
5.970000 0.000000
5.980000 0.000000
5.990000 0.000000
6.000000 0.000000
6.010000 0.000000
6.020000 0.000000
6.030000 0.000000
6.040000 0.000000
6.050000 0.000000
6.060000 0.000000
6.070000 0.000000
6.080000 0.000000
6.090000 0.000000
6.100000 0.000000
6.110000 0.000000
6.120000 0.000000
6.130000 0.000000
6.140000 0.000000
6.150000 0.000000
6.160000 0.000000
6.170000 0.000000
6.180000 0.000000
6.190000 0.000000
6.200000 0.000001
6.210000 0.000001
6.220000 0.000001
6.230000 0.000001
6.240000 0.000001
6.250000 0.000002
6.260000 0.000002
6.270000 0.000003
6.280000 0.000004
6.290000 0.000005
6.300000 0.000006
6.310000 0.000008
6.320000 0.000009
6.330000 0.000012
6.340000 0.000015
6.350000 0.000018
6.360000 0.000022
6.370000 0.000027
6.380000 0.000033
6.390000 0.000041
6.400000 0.000050
6.410000 0.000061
6.420000 0.000074
6.430000 0.000089
6.440000 0.000108
6.450000 0.000130
6.460000 0.000156
6.470000 0.000187
6.480000 0.000224
6.490000 0.000267
6.500000 0.000318
6.510000 0.000378
6.520000 0.000448
6.530000 0.000530
6.540000 0.000625
6.550000 0.000736
6.560000 0.000865
6.570000 0.001014
6.580000 0.001186
6.590000 0.001384
6.600000 0.001612
6.610000 0.001874
6.620000 0.002174
6.630000 0.002516
6.640000 0.002907
6.650000 0.003351
6.660000 0.003855
6.670000 0.004427
6.680000 0.005072
6.690000 0.005801
6.700000 0.006621
6.710000 0.007542
6.720000 0.008575
6.730000 0.009731
6.740000 0.011021
6.750000 0.012459
6.760000 0.014057
6.770000 0.015831
6.780000 0.017795
6.790000 0.019966
6.800000 0.022361
6.810000 0.024997
6.820000 0.027893
6.830000 0.031068
6.840000 0.034542
6.850000 0.038336
6.860000 0.042471
6.870000 0.046969
6.880000 0.051852
6.890000 0.057142
6.900000 0.062862
6.910000 0.069034
6.920000 0.075682
6.930000 0.082827
6.940000 0.090493
6.950000 0.098699
6.960000 0.107468
6.970000 0.116818
6.980000 0.126769
6.990000 0.137337
7.000000 0.148539
7.010000 0.160388
7.020000 0.172897
7.030000 0.186075
7.040000 0.199929
7.050000 0.214464
7.060000 0.229682
7.070000 0.245582
7.080000 0.262158
7.090000 0.279403
7.100000 0.297305
7.110000 0.315849
7.120000 0.335015
7.130000 0.354780
7.140000 0.375115
7.150000 0.395991
7.160000 0.417370
7.170000 0.439214
7.180000 0.461476
7.190000 0.484111
7.200000 0.507064
7.210000 0.530281
7.220000 0.553701
7.230000 0.577262
7.240000 0.600896
7.250000 0.624536
7.260000 0.648108
7.270000 0.671537
7.280000 0.694749
7.290000 0.717664
7.300000 0.740205
7.310000 0.762290
7.320000 0.783841
7.330000 0.804777
7.340000 0.825021
7.350000 0.844491
7.360000 0.863115
7.370000 0.880816
7.380000 0.897524
7.390000 0.913170
7.400000 0.927689
7.410000 0.941021
7.420000 0.953109
7.430000 0.963901
7.440000 0.973352
7.450000 0.981419
7.460000 0.988069
7.470000 0.993271
7.480000 0.997004
7.490000 0.999250
7.500000 1.000000
7.510000 0.999250
7.520000 0.997004
7.530000 0.993271
7.540000 0.988069
7.550000 0.981419
7.560000 0.973352
7.570000 0.963901
7.580000 0.953109
7.590000 0.941021
7.600000 0.927689
7.610000 0.913170
7.620000 0.897524
7.630000 0.880816
7.640000 0.863115
7.650000 0.844491
7.660000 0.825021
7.670000 0.804777
7.680000 0.783841
7.690000 0.762290
7.700000 0.740205
7.710000 0.717664
7.720000 0.694749
7.730000 0.671537
7.740000 0.648108
7.750000 0.624536
7.760000 0.600896
7.770000 0.577262
7.780000 0.553701
7.790000 0.530281
7.800000 0.507064
7.810000 0.484111
7.820000 0.461476
7.830000 0.439214
7.840000 0.417370
7.850000 0.395991
7.860000 0.375115
7.870000 0.354780
7.880000 0.335015
7.890000 0.315849
7.900000 0.297305
7.910000 0.279403
7.920000 0.262158
7.930000 0.245582
7.940000 0.229682
7.950000 0.214464
7.960000 0.199929
7.970000 0.186075
7.980000 0.172897
7.990000 0.160388
8.000000 0.148539
8.010000 0.137337
8.020000 0.126768
8.030000 0.116818
8.040000 0.107468
8.050000 0.098699
8.060000 0.090493
8.070000 0.082828
8.080000 0.075682
8.090000 0.069034
8.100000 0.062861
8.110000 0.057142
8.120000 0.051852
8.130000 0.046969
8.140000 0.042471
8.150000 0.038336
8.160000 0.034542
8.170000 0.031068
8.180000 0.027893
8.190000 0.024997
8.200000 0.022361
8.210000 0.019966
8.220000 0.017795
8.230000 0.015831
8.240000 0.014057
8.250000 0.012459
8.260000 0.011021
8.270000 0.009731
8.280000 0.008575
8.290000 0.007542
8.300000 0.006621
8.310000 0.005801
8.320000 0.005072
8.330000 0.004427
8.340000 0.003855
8.350000 0.003351
8.360000 0.002907
8.370000 0.002516
8.380000 0.002174
8.390000 0.001874
8.400000 0.001612
8.410000 0.001384
8.420000 0.001186
8.430000 0.001014
8.440000 0.000865
8.450000 0.000736
8.460000 0.000625
8.470000 0.000530
8.480000 0.000448
8.490000 0.000378
8.500000 0.000318
8.510000 0.000267
8.520000 0.000224
8.530000 0.000187
8.540000 0.000156
8.550000 0.000130
8.560000 0.000108
8.570000 0.000089
8.580000 0.000074
8.590000 0.000061
8.600000 0.000050
8.610000 0.000041
8.620000 0.000033
8.630000 0.000027
8.640000 0.000022
8.650000 0.000018
8.660000 0.000015
8.670000 0.000012
8.680000 0.000009
8.690000 0.000008
8.700000 0.000006
8.710000 0.000005
8.720000 0.000004
8.730000 0.000003
8.740000 0.000002
8.750000 0.000002
8.760000 0.000001
8.770000 0.000001
8.780000 0.000001
8.790000 0.000001
8.800000 0.000001
8.810000 0.000000
8.820000 0.000000
8.830000 0.000000
8.840000 0.000000
8.850000 0.000000
8.860000 0.000000
8.870000 0.000000
8.880000 0.000000
8.890000 0.000000
8.900000 0.000000
8.910000 0.000000
8.920000 0.000000
8.930000 0.000000
8.940000 0.000000
8.950000 0.000000
8.960000 0.000000
8.970000 0.000000
8.980000 0.000000
8.990000 0.000000
9.000000 0.000000
9.010000 0.000000
9.020000 0.000000
9.030000 0.000000
9.040000 0.000000
9.050000 0.000000
9.060000 0.000000
9.070000 0.000000
9.080000 0.000000
9.090000 0.000000
9.100000 0.000000
9.110000 0.000000
9.120000 0.000000
9.130000 0.000000
9.140000 0.000000
9.150000 0.000000
9.160000 0.000000
9.170000 0.000000
9.180000 0.000000
9.190000 0.000000
9.200000 0.000000
9.210000 0.000000
9.220000 0.000000
9.230000 0.000000
9.240000 0.000000
9.250000 0.000000
9.260000 0.000000
9.270000 0.000000
9.280000 0.000000
9.290000 0.000000
9.300000 0.000000
9.310000 0.000000
9.320000 0.000000
9.330000 0.000000
9.340000 0.000000
9.350000 0.000000
9.360000 0.000000
9.370000 0.000000
9.380000 0.000000
9.390000 0.000000
9.400000 0.000000
9.410000 0.000000
9.420000 0.000000
9.430000 0.000000
9.440000 0.000000
9.450000 0.000000
9.460000 0.000000
9.470000 0.000000
9.480000 0.000000
9.490000 0.000000
9.500000 0.000000
9.510000 0.000000
9.520000 0.000000
9.530000 0.000000
9.540000 0.000000
9.550000 0.000000
9.560000 0.000000
9.570000 0.000000
9.580000 0.000000
9.590000 0.000000
9.600000 0.000000
9.610000 0.000000
9.620000 0.000000
9.630000 0.000000
9.640000 0.000000
9.650000 0.000000
9.660000 0.000000
9.670000 0.000000
9.680000 0.000000
9.690000 0.000000
9.700000 0.000000
9.710000 0.000000
9.720000 0.000000
9.730000 0.000000
9.740000 0.000000
9.750000 0.000000
9.760000 0.000000
9.770000 0.000000
9.780000 0.000000
9.790000 0.000000
9.800000 0.000000
9.810000 0.000000
9.820000 0.000000
9.830000 0.000000
9.840000 0.000000
9.850000 0.000000
9.860000 0.000000
9.870000 0.000000
9.880000 0.000000
9.890000 0.000000
9.900000 0.000000
9.910000 0.000000
9.920000 0.000000
9.930000 0.000000
9.940000 0.000000
9.950000 0.000000
9.960000 0.000000
9.970000 0.000000
9.980000 0.000000
9.990000 0.000000
10.000000 0.000000
