0.000000 0.000000
0.010000 0.000000
0.020000 0.000000
0.030000 0.000000
0.040000 0.000000
0.050000 0.000000
0.060000 0.000000
0.070000 0.000000
0.080000 0.000000
0.090000 0.000000
0.100000 0.000000
0.110000 0.000000
0.120000 0.000000
0.130000 0.000000
0.140000 0.000000
0.150000 0.000000
0.160000 0.000000
0.170000 0.000000
0.180000 0.000000
0.190000 0.000000
0.200000 0.000000
0.210000 0.000001
0.220000 0.000001
0.230000 0.000001
0.240000 0.000002
0.250000 0.000002
0.260000 0.000003
0.270000 0.000004
0.280000 0.000005
0.290000 0.000006
0.300000 0.000008
0.310000 0.000010
0.320000 0.000013
0.330000 0.000016
0.340000 0.000019
0.350000 0.000024
0.360000 0.000029
0.370000 0.000034
0.380000 0.000041
0.390000 0.000049
0.400000 0.000059
0.410000 0.000070
0.420000 0.000082
0.430000 0.000096
0.440000 0.000113
0.450000 0.000132
0.460000 0.000153
0.470000 0.000177
0.480000 0.000204
0.490000 0.000235
0.500000 0.000269
0.510000 0.000308
0.520000 0.000351
0.530000 0.000399
0.540000 0.000452
0.550000 0.000512
0.560000 0.000578
0.570000 0.000650
0.580000 0.000731
0.590000 0.000819
0.600000 0.000916
0.610000 0.001023
0.620000 0.001140
0.630000 0.001267
0.640000 0.001407
0.650000 0.001558
0.660000 0.001724
0.670000 0.001903
0.680000 0.002098
0.690000 0.002309
0.700000 0.002537
0.710000 0.002783
0.720000 0.003049
0.730000 0.003336
0.740000 0.003644
0.750000 0.003975
0.760000 0.004330
0.770000 0.004711
0.780000 0.005120
0.790000 0.005556
0.800000 0.006022
0.810000 0.006520
0.820000 0.007051
0.830000 0.007616
0.840000 0.008218
0.850000 0.008857
0.860000 0.009535
0.870000 0.010255
0.880000 0.011019
0.890000 0.011827
0.900000 0.012682
0.910000 0.013585
0.920000 0.014539
0.930000 0.015546
0.940000 0.016608
0.950000 0.017726
0.960000 0.018903
0.970000 0.020140
0.980000 0.021441
0.990000 0.022807
1.000000 0.024240
1.010000 0.025742
1.020000 0.027317
1.030000 0.028964
1.040000 0.030689
1.050000 0.032491
1.060000 0.034374
1.070000 0.036340
1.080000 0.038390
1.090000 0.040529
1.100000 0.042756
1.110000 0.045076
1.120000 0.047489
1.130000 0.049999
1.140000 0.052607
1.150000 0.055315
1.160000 0.058126
1.170000 0.061043
1.180000 0.064066
1.190000 0.067198
1.200000 0.070441
1.210000 0.073797
1.220000 0.077268
1.230000 0.080855
1.240000 0.084562
1.250000 0.088388
1.260000 0.092337
1.270000 0.096410
1.280000 0.100608
1.290000 0.104933
1.300000 0.109386
1.310000 0.113969
1.320000 0.118683
1.330000 0.123529
1.340000 0.128509
1.350000 0.133622
1.360000 0.138871
1.370000 0.144257
1.380000 0.149779
1.390000 0.155438
1.400000 0.161236
1.410000 0.167171
1.420000 0.173246
1.430000 0.179459
1.440000 0.185812
1.450000 0.192303
1.460000 0.198933
1.470000 0.205701
1.480000 0.212608
1.490000 0.219651
1.500000 0.226832
1.510000 0.234148
1.520000 0.241599
1.530000 0.249184
1.540000 0.256901
1.550000 0.264749
1.560000 0.272727
1.570000 0.280833
1.580000 0.289065
1.590000 0.297421
1.600000 0.305899
1.610000 0.314497
1.620000 0.323212
1.630000 0.332042
1.640000 0.340984
1.650000 0.350035
1.660000 0.359192
1.670000 0.368453
1.680000 0.377813
1.690000 0.387270
1.700000 0.396819
1.710000 0.406458
1.720000 0.416182
1.730000 0.425988
1.740000 0.435871
1.750000 0.445827
1.760000 0.455851
1.770000 0.465940
1.780000 0.476089
1.790000 0.486292
1.800000 0.496545
1.810000 0.506844
1.820000 0.517182
1.830000 0.527556
1.840000 0.537959
1.850000 0.548386
1.860000 0.558831
1.870000 0.569290
1.880000 0.579757
1.890000 0.590225
1.900000 0.600689
1.910000 0.611144
1.920000 0.621582
1.930000 0.631999
1.940000 0.642388
1.950000 0.652743
1.960000 0.663058
1.970000 0.673326
1.980000 0.683542
1.990000 0.693700
2.000000 0.703792
2.010000 0.713813
2.020000 0.723756
2.030000 0.733616
2.040000 0.743385
2.050000 0.753058
2.060000 0.762628
2.070000 0.772090
2.080000 0.781436
2.090000 0.790660
2.100000 0.799758
2.110000 0.808721
2.120000 0.817545
2.130000 0.826224
2.140000 0.834751
2.150000 0.843120
2.160000 0.851327
2.170000 0.859364
2.180000 0.867227
2.190000 0.874910
2.200000 0.882408
2.210000 0.889716
2.220000 0.896827
2.230000 0.903738
2.240000 0.910443
2.250000 0.916937
2.260000 0.923216
2.270000 0.929275
2.280000 0.935111
2.290000 0.940717
2.300000 0.946092
2.310000 0.951229
2.320000 0.956127
2.330000 0.960781
2.340000 0.965188
2.350000 0.969344
2.360000 0.973247
2.370000 0.976894
2.380000 0.980281
2.390000 0.983407
2.400000 0.986269
2.410000 0.988864
2.420000 0.991192
2.430000 0.993250
2.440000 0.995037
2.450000 0.996551
2.460000 0.997791
2.470000 0.998757
2.480000 0.999447
2.490000 0.999862
2.500000 1.000000
2.510000 0.999862
2.520000 0.999447
2.530000 0.998757
2.540000 0.997791
2.550000 0.996551
2.560000 0.995037
2.570000 0.993250
2.580000 0.991192
2.590000 0.988864
2.600000 0.986269
2.610000 0.983407
2.620000 0.980281
2.630000 0.976894
2.640000 0.973247
2.650000 0.969344
2.660000 0.965188
2.670000 0.960781
2.680000 0.956127
2.690000 0.951229
2.700000 0.946092
2.710000 0.940717
2.720000 0.935111
2.730000 0.929275
2.740000 0.923216
2.750000 0.916937
2.760000 0.910443
2.770000 0.903738
2.780000 0.896827
2.790000 0.889716
2.800000 0.882408
2.810000 0.874910
2.820000 0.867227
2.830000 0.859364
2.840000 0.851327
2.850000 0.843120
2.860000 0.834751
2.870000 0.826224
2.880000 0.817545
2.890000 0.808721
2.900000 0.799758
2.910000 0.790660
2.920000 0.781436
2.930000 0.772090
2.940000 0.762628
2.950000 0.753058
2.960000 0.743385
2.970000 0.733616
2.980000 0.723756
2.990000 0.713813
3.000000 0.703792
3.010000 0.693700
3.020000 0.683542
3.030000 0.673326
3.040000 0.663058
3.050000 0.652743
3.060000 0.642388
3.070000 0.631999
3.080000 0.621582
3.090000 0.611144
3.100000 0.600689
3.110000 0.590225
3.120000 0.579757
3.130000 0.569290
3.140000 0.558831
3.150000 0.548386
3.160000 0.537959
3.170000 0.527556
3.180000 0.517182
3.190000 0.506844
3.200000 0.496545
3.210000 0.486292
3.220000 0.476089
3.230000 0.465940
3.240000 0.455851
3.250000 0.445827
3.260000 0.435871
3.270000 0.425988
3.280000 0.416182
3.290000 0.406458
3.300000 0.396819
3.310000 0.387270
3.320000 0.377813
3.330000 0.368453
3.340000 0.359192
3.350000 0.350035
3.360000 0.340984
3.370000 0.332042
3.380000 0.323212
3.390000 0.314497
3.400000 0.305899
3.410000 0.297421
3.420000 0.289065
3.430000 0.280833
3.440000 0.272727
3.450000 0.264749
3.460000 0.256901
3.470000 0.249184
3.480000 0.241599
3.490000 0.234148
3.500000 0.226832
3.510000 0.219651
3.520000 0.212608
3.530000 0.205701
3.540000 0.198933
3.550000 0.192303
3.560000 0.185812
3.570000 0.179459
3.580000 0.173246
3.590000 0.167171
3.600000 0.161236
3.610000 0.155438
3.620000 0.149779
3.630000 0.144257
3.640000 0.138871
3.650000 0.133622
3.660000 0.128508
3.670000 0.123529
3.680000 0.118683
3.690000 0.113969
3.700000 0.109386
3.710000 0.104933
3.720000 0.100608
3.730000 0.096410
3.740000 0.092337
3.750000 0.088388
3.760000 0.084562
3.770000 0.080855
3.780000 0.077268
3.790000 0.073797
3.800000 0.070441
3.810000 0.067198
3.820000 0.064066
3.830000 0.061043
3.840000 0.058126
3.850000 0.055315
3.860000 0.052607
3.870000 0.049999
3.880000 0.047489
3.890000 0.045076
3.900000 0.042756
3.910000 0.040529
3.920000 0.038390
3.930000 0.036340
3.940000 0.034374
3.950000 0.032491
3.960000 0.030689
3.970000 0.028964
3.980000 0.027317
3.990000 0.025742
4.000000 0.024240
4.010000 0.022807
4.020000 0.021441
4.030000 0.020140
4.040000 0.018903
4.050000 0.017726
4.060000 0.016608
4.070000 0.015546
4.080000 0.014539
4.090000 0.013585
4.100000 0.012682
4.110000 0.011827
4.120000 0.011019
4.130000 0.010255
4.140000 0.009535
4.150000 0.008857
4.160000 0.008218
4.170000 0.007616
4.180000 0.007051
4.190000 0.006520
4.200000 0.006022
4.210000 0.005556
4.220000 0.005120
4.230000 0.004711
4.240000 0.004330
4.250000 0.003975
4.260000 0.003644
4.270000 0.003336
4.280000 0.003049
4.290000 0.002783
4.300000 0.002537
4.310000 0.002309
4.320000 0.002098
4.330000 0.001903
4.340000 0.001724
4.350000 0.001558
4.360000 0.001407
4.370000 0.001267
4.380000 0.001140
4.390000 0.001023
4.400000 0.000916
4.410000 0.000819
4.420000 0.000731
4.430000 0.000650
4.440000 0.000578
4.450000 0.000512
4.460000 0.000452
4.470000 0.000399
4.480000 0.000351
4.490000 0.000308
4.500000 0.000269
4.510000 0.000235
4.520000 0.000204
4.530000 0.000177
4.540000 0.000153
4.550000 0.000132
4.560000 0.000113
4.570000 0.000096
4.580000 0.000082
4.590000 0.000070
4.600000 0.000059
4.610000 0.000049
4.620000 0.000041
4.630000 0.000034
4.640000 0.000029
4.650000 0.000024
4.660000 0.000019
4.670000 0.000016
4.680000 0.000013
4.690000 0.000010
4.700000 0.000008
4.710000 0.000006
4.720000 0.000005
4.730000 0.000004
4.740000 0.000003
4.750000 0.000002
4.760000 0.000002
4.770000 0.000001
4.780000 0.000001
4.790000 0.000001
4.800000 0.000000
4.810000 0.000000
4.820000 0.000000
4.830000 0.000000
4.840000 0.000000
4.850000 0.000000
4.860000 0.000000
4.870000 0.000000
4.880000 0.000000
4.890000 0.000000
4.900000 0.000000
4.910000 0.000000
4.920000 0.000000
4.930000 0.000000
4.940000 0.000000
4.950000 0.000000
4.960000 0.000000
4.970000 0.000000
4.980000 0.000000
4.990000 0.000000
5.000000 0.000000
5.010000 -0.000000
5.020000 -0.000000
5.030000 -0.000000
5.040000 -0.000000
5.050000 -0.000000
5.060000 -0.000000
5.070000 -0.000000
5.080000 -0.000000
5.090000 -0.000000
5.100000 -0.000000
5.110000 -0.000000
5.120000 -0.000000
5.130000 -0.000000
5.140000 -0.000000
5.150000 -0.000000
5.160000 -0.000000
5.170000 -0.000000
5.180000 -0.000000
5.190000 -0.000000
5.200000 -0.000000
5.210000 -0.000001
5.220000 -0.000001
5.230000 -0.000001
5.240000 -0.000002
5.250000 -0.000002
5.260000 -0.000003
5.270000 -0.000004
5.280000 -0.000005
5.290000 -0.000006
5.300000 -0.000008
5.310000 -0.000010
5.320000 -0.000013
5.330000 -0.000016
5.340000 -0.000019
5.350000 -0.000024
5.360000 -0.000029
5.370000 -0.000034
5.380000 -0.000041
5.390000 -0.000049
5.400000 -0.000059
5.410000 -0.000070
5.420000 -0.000082
5.430000 -0.000096
5.440000 -0.000113
5.450000 -0.000132
5.460000 -0.000153
5.470000 -0.000177
5.480000 -0.000204
5.490000 -0.000235
5.500000 -0.000269
5.510000 -0.000308
5.520000 -0.000351
5.530000 -0.000399
5.540000 -0.000452
5.550000 -0.000512
5.560000 -0.000578
5.570000 -0.000650
5.580000 -0.000731
5.590000 -0.000819
5.600000 -0.000916
5.610000 -0.001023
5.620000 -0.001140
5.630000 -0.001267
5.640000 -0.001407
5.650000 -0.001558
5.660000 -0.001724
5.670000 -0.001903
5.680000 -0.002098
5.690000 -0.002309
5.700000 -0.002537
5.710000 -0.002783
5.720000 -0.003049
5.730000 -0.003336
5.740000 -0.003644
5.750000 -0.003975
5.760000 -0.004330
5.770000 -0.004711
5.780000 -0.005120
5.790000 -0.005556
5.800000 -0.006022
5.810000 -0.006520
5.820000 -0.007051
5.830000 -0.007616
5.840000 -0.008218
5.850000 -0.008857
5.860000 -0.009535
5.870000 -0.010255
5.880000 -0.011019
5.890000 -0.011827
5.900000 -0.012682
5.910000 -0.013585
5.920000 -0.014539
5.930000 -0.015546
5.940000 -0.016608
5.950000 -0.017726
5.960000 -0.018903
5.970000 -0.020140
5.980000 -0.021441
5.990000 -0.022807
6.000000 -0.024240
6.010000 -0.025742
6.020000 -0.027317
6.030000 -0.028965
6.040000 -0.030689
6.050000 -0.032491
6.060000 -0.034374
6.070000 -0.036340
6.080000 -0.038390
6.090000 -0.040529
6.100000 -0.042756
6.110000 -0.045076
6.120000 -0.047489
6.130000 -0.049999
6.140000 -0.052607
6.150000 -0.055315
6.160000 -0.058126
6.170000 -0.061043
6.180000 -0.064066
6.190000 -0.067198
6.200000 -0.070441
6.210000 -0.073797
6.220000 -0.077267
6.230000 -0.080855
6.240000 -0.084562
6.250000 -0.088388
6.260000 -0.092337
6.270000 -0.096410
6.280000 -0.100608
6.290000 -0.104933
6.300000 -0.109386
6.310000 -0.113969
6.320000 -0.118683
6.330000 -0.123529
6.340000 -0.128509
6.350000 -0.133622
6.360000 -0.138871
6.370000 -0.144257
6.380000 -0.149779
6.390000 -0.155438
6.400000 -0.161236
6.410000 -0.167171
6.420000 -0.173246
6.430000 -0.179459
6.440000 -0.185812
6.450000 -0.192303
6.460000 -0.198933
6.470000 -0.205701
6.480000 -0.212608
6.490000 -0.219651
6.500000 -0.226832
6.510000 -0.234148
6.520000 -0.241599
6.530000 -0.249184
6.540000 -0.256901
6.550000 -0.264749
6.560000 -0.272727
6.570000 -0.280833
6.580000 -0.289065
6.590000 -0.297421
6.600000 -0.305899
6.610000 -0.314497
6.620000 -0.323212
6.630000 -0.332042
6.640000 -0.340983
6.650000 -0.350035
6.660000 -0.359192
6.670000 -0.368453
6.680000 -0.377813
6.690000 -0.387270
6.700000 -0.396819
6.710000 -0.406458
6.720000 -0.416182
6.730000 -0.425988
6.740000 -0.435871
6.750000 -0.445827
6.760000 -0.455852
6.770000 -0.465940
6.780000 -0.476089
6.790000 -0.486292
6.800000 -0.496546
6.810000 -0.506844
6.820000 -0.517183
6.830000 -0.527556
6.840000 -0.537959
6.850000 -0.548386
6.860000 -0.558832
6.870000 -0.569290
6.880000 -0.579757
6.890000 -0.590225
6.900000 -0.600689
6.910000 -0.611144
6.920000 -0.621582
6.930000 -0.631999
6.940000 -0.642388
6.950000 -0.652743
6.960000 -0.663058
6.970000 -0.673326
6.980000 -0.683542
6.990000 -0.693699
7.000000 -0.703792
7.010000 -0.713813
7.020000 -0.723756
7.030000 -0.733616
7.040000 -0.743385
7.050000 -0.753058
7.060000 -0.762628
7.070000 -0.772090
7.080000 -0.781436
7.090000 -0.790661
7.100000 -0.799758
7.110000 -0.808721
7.120000 -0.817545
7.130000 -0.826224
7.140000 -0.834750
7.150000 -0.843120
7.160000 -0.851326
7.170000 -0.859364
7.180000 -0.867227
7.190000 -0.874910
7.200000 -0.882408
7.210000 -0.889716
7.220000 -0.896827
7.230000 -0.903738
7.240000 -0.910442
7.250000 -0.916937
7.260000 -0.923216
7.270000 -0.929275
7.280000 -0.935111
7.290000 -0.940717
7.300000 -0.946092
7.310000 -0.951229
7.320000 -0.956127
7.330000 -0.960781
7.340000 -0.965188
7.350000 -0.969344
7.360000 -0.973247
7.370000 -0.976894
7.380000 -0.980281
7.390000 -0.983407
7.400000 -0.986269
7.410000 -0.988864
7.420000 -0.991192
7.430000 -0.993250
7.440000 -0.995037
7.450000 -0.996551
7.460000 -0.997791
7.470000 -0.998757
7.480000 -0.999447
7.490000 -0.999862
7.500000 -1.000000
7.510000 -0.999862
7.520000 -0.999447
7.530000 -0.998757
7.540000 -0.997791
7.550000 -0.996551
7.560000 -0.995037
7.570000 -0.993250
7.580000 -0.991192
7.590000 -0.988864
7.600000 -0.986269
7.610000 -0.983407
7.620000 -0.980281
7.630000 -0.976894
7.640000 -0.973247
7.650000 -0.969344
7.660000 -0.965188
7.670000 -0.960781
7.680000 -0.956127
7.690000 -0.951229
7.700000 -0.946092
7.710000 -0.940717
7.720000 -0.935111
7.730000 -0.929275
7.740000 -0.923216
7.750000 -0.916937
7.760000 -0.910442
7.770000 -0.903738
7.780000 -0.896827
7.790000 -0.889716
7.800000 -0.882408
7.810000 -0.874910
7.820000 -0.867227
7.830000 -0.859364
7.840000 -0.851326
7.850000 -0.843120
7.860000 -0.834750
7.870000 -0.826224
7.880000 -0.817545
7.890000 -0.808721
7.900000 -0.799758
7.910000 -0.790661
7.920000 -0.781436
7.930000 -0.772090
7.940000 -0.762628
7.950000 -0.753058
7.960000 -0.743385
7.970000 -0.733616
7.980000 -0.723756
7.990000 -0.713813
8.000000 -0.703792
8.010000 -0.693699
8.020000 -0.683542
8.030000 -0.673327
8.040000 -0.663058
8.050000 -0.652743
8.060000 -0.642388
8.070000 -0.631999
8.080000 -0.621582
8.090000 -0.611144
8.100000 -0.600689
8.110000 -0.590225
8.120000 -0.579757
8.130000 -0.569290
8.140000 -0.558831
8.150000 -0.548386
8.160000 -0.537959
8.170000 -0.527556
8.180000 -0.517182
8.190000 -0.506844
8.200000 -0.496546
8.210000 -0.486292
8.220000 -0.476088
8.230000 -0.465941
8.240000 -0.455852
8.250000 -0.445827
8.260000 -0.435871
8.270000 -0.425988
8.280000 -0.416183
8.290000 -0.406458
8.300000 -0.396819
8.310000 -0.387269
8.320000 -0.377813
8.330000 -0.368453
8.340000 -0.359192
8.350000 -0.350034
8.360000 -0.340984
8.370000 -0.332042
8.380000 -0.323212
8.390000 -0.314496
8.400000 -0.305899
8.410000 -0.297421
8.420000 -0.289065
8.430000 -0.280833
8.440000 -0.272728
8.450000 -0.264749
8.460000 -0.256901
8.470000 -0.249183
8.480000 -0.241599
8.490000 -0.234148
8.500000 -0.226832
8.510000 -0.219651
8.520000 -0.212607
8.530000 -0.205701
8.540000 -0.198933
8.550000 -0.192303
8.560000 -0.185811
8.570000 -0.179460
8.580000 -0.173246
8.590000 -0.167171
8.600000 -0.161235
8.610000 -0.155438
8.620000 -0.149779
8.630000 -0.144257
8.640000 -0.138871
8.650000 -0.133623
8.660000 -0.128509
8.670000 -0.123529
8.680000 -0.118683
8.690000 -0.113969
8.700000 -0.109386
8.710000 -0.104933
8.720000 -0.100608
8.730000 -0.096410
8.740000 -0.092337
8.750000 -0.088388
8.760000 -0.084562
8.770000 -0.080855
8.780000 -0.077268
8.790000 -0.073797
8.800000 -0.070441
8.810000 -0.067197
8.820000 -0.064066
8.830000 -0.061043
8.840000 -0.058126
8.850000 -0.055315
8.860000 -0.052607
8.870000 -0.049999
8.880000 -0.047489
8.890000 -0.045076
8.900000 -0.042756
8.910000 -0.040529
8.920000 -0.038390
8.930000 -0.036340
8.940000 -0.034374
8.950000 -0.032491
8.960000 -0.030689
8.970000 -0.028964
8.980000 -0.027317
8.990000 -0.025742
9.000000 -0.024240
9.010000 -0.022807
9.020000 -0.021441
9.030000 -0.020140
9.040000 -0.018903
9.050000 -0.017726
9.060000 -0.016608
9.070000 -0.015546
9.080000 -0.014539
9.090000 -0.013585
9.100000 -0.012681
9.110000 -0.011827
9.120000 -0.011019
9.130000 -0.010255
9.140000 -0.009535
9.150000 -0.008857
9.160000 -0.008218
9.170000 -0.007616
9.180000 -0.007051
9.190000 -0.006520
9.200000 -0.006022
9.210000 -0.005556
9.220000 -0.005120
9.230000 -0.004712
9.240000 -0.004330
9.250000 -0.003975
9.260000 -0.003644
9.270000 -0.003336
9.280000 -0.003049
9.290000 -0.002783
9.300000 -0.002537
9.310000 -0.002309
9.320000 -0.002098
9.330000 -0.001903
9.340000 -0.001724
9.350000 -0.001558
9.360000 -0.001407
9.370000 -0.001267
9.380000 -0.001140
9.390000 -0.001023
9.400000 -0.000916
9.410000 -0.000819
9.420000 -0.000731
9.430000 -0.000650
9.440000 -0.000578
9.450000 -0.000512
9.460000 -0.000452
9.470000 -0.000399
9.480000 -0.000351
9.490000 -0.000308
9.500000 -0.000269
9.510000 -0.000235
9.520000 -0.000204
9.530000 -0.000177
9.540000 -0.000153
9.550000 -0.000132
9.560000 -0.000113
9.570000 -0.000096
9.580000 -0.000082
9.590000 -0.000070
9.600000 -0.000059
9.610000 -0.000049
9.620000 -0.000041
9.630000 -0.000034
9.640000 -0.000029
9.650000 -0.000024
9.660000 -0.000019
9.670000 -0.000016
9.680000 -0.000013
9.690000 -0.000010
9.700000 -0.000008
9.710000 -0.000006
9.720000 -0.000005
9.730000 -0.000004
9.740000 -0.000003
9.750000 -0.000002
9.760000 -0.000002
9.770000 -0.000001
9.780000 -0.000001
9.790000 -0.000001
9.800000 -0.000000
9.810000 -0.000000
9.820000 -0.000000
9.830000 -0.000000
9.840000 -0.000000
9.850000 -0.000000
9.860000 -0.000000
9.870000 -0.000000
9.880000 -0.000000
9.890000 -0.000000
9.900000 -0.000000
9.910000 -0.000000
9.920000 -0.000000
9.930000 -0.000000
9.940000 -0.000000
9.950000 -0.000000
9.960000 -0.000000
9.970000 -0.000000
9.980000 -0.000000
9.990000 -0.000000
10.000000 -0.000000
