0.000000 0.000000
0.010000 0.000000
0.020000 0.000000
0.030000 0.000000
0.040000 0.000000
0.050000 0.000000
0.060000 0.000000
0.070000 0.000000
0.080000 0.000000
0.090000 0.000000
0.100000 0.000000
0.110000 0.000000
0.120000 0.000000
0.130000 0.000000
0.140000 0.000000
0.150000 0.000000
0.160000 0.000000
0.170000 0.000000
0.180000 0.000000
0.190000 0.000000
0.200000 0.000000
0.210000 0.000000
0.220000 0.000000
0.230000 0.000000
0.240000 0.000000
0.250000 0.000000
0.260000 0.000000
0.270000 0.000000
0.280000 0.000000
0.290000 0.000000
0.300000 0.000000
0.310000 0.000000
0.320000 0.000000
0.330000 0.000000
0.340000 0.000000
0.350000 0.000000
0.360000 0.000000
0.370000 0.000000
0.380000 0.000000
0.390000 0.000000
0.400000 0.000000
0.410000 0.000000
0.420000 0.000000
0.430000 0.000000
0.440000 0.000000
0.450000 0.000000
0.460000 0.000000
0.470000 0.000000
0.480000 0.000000
0.490000 0.000000
0.500000 0.000000
0.510000 0.000000
0.520000 0.000000
0.530000 0.000000
0.540000 0.000000
0.550000 0.000000
0.560000 0.000000
0.570000 0.000000
0.580000 0.000000
0.590000 0.000000
0.600000 0.000000
0.610000 0.000000
0.620000 0.000000
0.630000 0.000000
0.640000 0.000000
0.650000 0.000000
0.660000 0.000000
0.670000 0.000000
0.680000 0.000000
0.690000 0.000000
0.700000 0.000000
0.710000 0.000000
0.720000 0.000000
0.730000 0.000000
0.740000 0.000000
0.750000 0.000000
0.760000 0.000000
0.770000 0.000000
0.780000 0.000000
0.790000 0.000000
0.800000 0.000000
0.810000 0.000000
0.820000 0.000000
0.830000 0.000000
0.840000 0.000000
0.850000 0.000000
0.860000 0.000000
0.870000 0.000000
0.880000 0.000000
0.890000 0.000000
0.900000 0.000000
0.910000 0.000000
0.920000 0.000000
0.930000 0.000000
0.940000 0.000000
0.950000 0.000000
0.960000 0.000000
0.970000 0.000000
0.980000 0.000000
0.990000 0.000000
1.000000 0.000000
1.010000 0.000000
1.020000 0.000001
1.030000 0.000001
1.040000 0.000001
1.050000 0.000001
1.060000 0.000001
1.070000 0.000002
1.080000 0.000002
1.090000 0.000003
1.100000 0.000003
1.110000 0.000004
1.120000 0.000005
1.130000 0.000006
1.140000 0.000008
1.150000 0.000009
1.160000 0.000011
1.170000 0.000014
1.180000 0.000017
1.190000 0.000020
1.200000 0.000025
1.210000 0.000030
1.220000 0.000036
1.230000 0.000043
1.240000 0.000051
1.250000 0.000061
1.260000 0.000073
1.270000 0.000086
1.280000 0.000102
1.290000 0.000121
1.300000 0.000143
1.310000 0.000169
1.320000 0.000198
1.330000 0.000233
1.340000 0.000273
1.350000 0.000319
1.360000 0.000372
1.370000 0.000433
1.380000 0.000503
1.390000 0.000584
1.400000 0.000676
1.410000 0.000781
1.420000 0.000901
1.430000 0.001037
1.440000 0.001192
1.450000 0.001368
1.460000 0.001566
1.470000 0.001790
1.480000 0.002043
1.490000 0.002328
1.500000 0.002647
1.510000 0.003006
1.520000 0.003407
1.530000 0.003855
1.540000 0.004356
1.550000 0.004913
1.560000 0.005532
1.570000 0.006220
1.580000 0.006982
1.590000 0.007825
1.600000 0.008756
1.610000 0.009783
1.620000 0.010913
1.630000 0.012155
1.640000 0.013519
1.650000 0.015012
1.660000 0.016646
1.670000 0.018430
1.680000 0.020375
1.690000 0.022493
1.700000 0.024795
1.710000 0.027294
1.720000 0.030001
1.730000 0.032930
1.740000 0.036094
1.750000 0.039506
1.760000 0.043181
1.770000 0.047133
1.780000 0.051375
1.790000 0.055923
1.800000 0.060791
1.810000 0.065993
1.820000 0.071544
1.830000 0.077459
1.840000 0.083752
1.850000 0.090437
1.860000 0.097527
1.870000 0.105035
1.880000 0.112975
1.890000 0.121359
1.900000 0.130197
1.910000 0.139500
1.920000 0.149277
1.930000 0.159538
1.940000 0.170290
1.950000 0.181538
1.960000 0.193288
1.970000 0.205543
1.980000 0.218304
1.990000 0.231572
2.000000 0.245345
2.010000 0.259620
2.020000 0.274391
2.030000 0.289651
2.040000 0.305391
2.050000 0.321598
2.060000 0.338261
2.070000 0.355362
2.080000 0.372883
2.090000 0.390805
2.100000 0.409104
2.110000 0.427755
2.120000 0.446732
2.130000 0.466005
2.140000 0.485542
2.150000 0.505310
2.160000 0.525272
2.170000 0.545392
2.180000 0.565629
2.190000 0.585941
2.200000 0.606287
2.210000 0.626621
2.220000 0.646897
2.230000 0.667067
2.240000 0.687085
2.250000 0.706900
2.260000 0.726463
2.270000 0.745723
2.280000 0.764631
2.290000 0.783135
2.300000 0.801185
2.310000 0.818731
2.320000 0.835724
2.330000 0.852114
2.340000 0.867856
2.350000 0.882901
2.360000 0.897207
2.370000 0.910729
2.380000 0.923427
2.390000 0.935261
2.400000 0.946195
2.410000 0.956196
2.420000 0.965231
2.430000 0.973273
2.440000 0.980295
2.450000 0.986275
2.460000 0.991195
2.470000 0.995038
2.480000 0.997792
2.490000 0.999447
2.500000 1.000000
2.510000 0.999447
2.520000 0.997792
2.530000 0.995038
2.540000 0.991195
2.550000 0.986275
2.560000 0.980295
2.570000 0.973273
2.580000 0.965231
2.590000 0.956196
2.600000 0.946195
2.610000 0.935261
2.620000 0.923427
2.630000 0.910729
2.640000 0.897207
2.650000 0.882901
2.660000 0.867856
2.670000 0.852114
2.680000 0.835724
2.690000 0.818731
2.700000 0.801185
2.710000 0.783135
2.720000 0.764631
2.730000 0.745723
2.740000 0.726463
2.750000 0.706900
2.760000 0.687085
2.770000 0.667067
2.780000 0.646897
2.790000 0.626621
2.800000 0.606287
2.810000 0.585941
2.820000 0.565629
2.830000 0.545392
2.840000 0.525272
2.850000 0.505310
2.860000 0.485542
2.870000 0.466005
2.880000 0.446732
2.890000 0.427755
2.900000 0.409104
2.910000 0.390805
2.920000 0.372883
2.930000 0.355362
2.940000 0.338261
2.950000 0.321598
2.960000 0.305391
2.970000 0.289651
2.980000 0.274391
2.990000 0.259620
3.000000 0.245345
3.010000 0.231572
3.020000 0.218304
3.030000 0.205543
3.040000 0.193288
3.050000 0.181538
3.060000 0.170290
3.070000 0.159539
3.080000 0.149278
3.090000 0.139500
3.100000 0.130197
3.110000 0.121359
3.120000 0.112975
3.130000 0.105035
3.140000 0.097527
3.150000 0.090437
3.160000 0.083752
3.170000 0.077459
3.180000 0.071544
3.190000 0.065993
3.200000 0.060791
3.210000 0.055923
3.220000 0.051375
3.230000 0.047133
3.240000 0.043181
3.250000 0.039506
3.260000 0.036094
3.270000 0.032930
3.280000 0.030001
3.290000 0.027294
3.300000 0.024795
3.310000 0.022493
3.320000 0.020375
3.330000 0.018430
3.340000 0.016646
3.350000 0.015012
3.360000 0.013519
3.370000 0.012155
3.380000 0.010913
3.390000 0.009783
3.400000 0.008756
3.410000 0.007825
3.420000 0.006982
3.430000 0.006220
3.440000 0.005532
3.450000 0.004913
3.460000 0.004356
3.470000 0.003855
3.480000 0.003407
3.490000 0.003006
3.500000 0.002647
3.510000 0.002328
3.520000 0.002043
3.530000 0.001790
3.540000 0.001566
3.550000 0.001368
3.560000 0.001192
3.570000 0.001037
3.580000 0.000901
3.590000 0.000781
3.600000 0.000676
3.610000 0.000584
3.620000 0.000503
3.630000 0.000433
3.640000 0.000372
3.650000 0.000319
3.660000 0.000273
3.670000 0.000233
3.680000 0.000198
3.690000 0.000169
3.700000 0.000143
3.710000 0.000121
3.720000 0.000102
3.730000 0.000086
3.740000 0.000073
3.750000 0.000061
3.760000 0.000051
3.770000 0.000043
3.780000 0.000036
3.790000 0.000030
3.800000 0.000025
3.810000 0.000020
3.820000 0.000017
3.830000 0.000014
3.840000 0.000011
3.850000 0.000009
3.860000 0.000008
3.870000 0.000006
3.880000 0.000005
3.890000 0.000004
3.900000 0.000003
3.910000 0.000003
3.920000 0.000002
3.930000 0.000002
3.940000 0.000001
3.950000 0.000001
3.960000 0.000001
3.970000 0.000001
3.980000 0.000001
3.990000 0.000000
4.000000 0.000000
4.010000 0.000000
4.020000 0.000000
4.030000 0.000000
4.040000 0.000000
4.050000 0.000000
4.060000 0.000000
4.070000 0.000000
4.080000 0.000000
4.090000 0.000000
4.100000 0.000000
4.110000 0.000000
4.120000 0.000000
4.130000 0.000000
4.140000 0.000000
4.150000 0.000000
4.160000 0.000000
4.170000 0.000000
4.180000 0.000000
4.190000 0.000000
4.200000 0.000000
4.210000 0.000000
4.220000 0.000000
4.230000 0.000000
4.240000 0.000000
4.250000 0.000000
4.260000 0.000000
4.270000 0.000000
4.280000 0.000000
4.290000 0.000000
4.300000 0.000000
4.310000 0.000000
4.320000 0.000000
4.330000 0.000000
4.340000 0.000000
4.350000 0.000000
4.360000 0.000000
4.370000 0.000000
4.380000 0.000000
4.390000 0.000000
4.400000 0.000000
4.410000 0.000000
4.420000 0.000000
4.430000 0.000000
4.440000 0.000000
4.450000 0.000000
4.460000 0.000000
4.470000 0.000000
4.480000 0.000000
4.490000 0.000000
4.500000 0.000000
4.510000 0.000000
4.520000 0.000000
4.530000 0.000000
4.540000 0.000000
4.550000 0.000000
4.560000 0.000000
4.570000 0.000000
4.580000 0.000000
4.590000 0.000000
4.600000 0.000000
4.610000 0.000000
4.620000 0.000000
4.630000 0.000000
4.640000 0.000000
4.650000 0.000000
4.660000 0.000000
4.670000 0.000000
4.680000 0.000000
4.690000 0.000000
4.700000 0.000000
4.710000 0.000000
4.720000 0.000000
4.730000 0.000000
4.740000 0.000000
4.750000 0.000000
4.760000 0.000000
4.770000 0.000000
4.780000 0.000000
4.790000 0.000000
4.800000 0.000000
4.810000 0.000000
4.820000 0.000000
4.830000 0.000000
4.840000 0.000000
4.850000 0.000000
4.860000 0.000000
4.870000 0.000000
4.880000 0.000000
4.890000 0.000000
4.900000 0.000000
4.910000 0.000000
4.920000 0.000000
4.930000 0.000000
4.940000 0.000000
4.950000 0.000000
4.960000 0.000000
4.970000 0.000000
4.980000 0.000000
4.990000 0.000000
5.000000 0.000000
5.010000 0.000000
5.020000 0.000000
5.030000 0.000000
5.040000 0.000000
5.050000 0.000000
5.060000 0.000000
5.070000 0.000000
5.080000 0.000000
5.090000 0.000000
5.100000 0.000000
5.110000 0.000000
5.120000 0.000000
5.130000 0.000000
5.140000 0.000000
5.150000 0.000000
5.160000 0.000000
5.170000 0.000000
5.180000 0.000000
5.190000 0.000000
5.200000 0.000000
5.210000 0.000000
5.220000 0.000000
5.230000 0.000000
5.240000 0.000000
5.250000 0.000000
5.260000 0.000000
5.270000 0.000000
5.280000 0.000000
5.290000 0.000000
5.300000 0.000000
5.310000 0.000000
5.320000 0.000000
5.330000 0.000000
5.340000 0.000000
5.350000 0.000000
5.360000 0.000000
5.370000 0.000000
5.380000 0.000000
5.390000 0.000000
5.400000 0.000000
5.410000 0.000000
5.420000 0.000000
5.430000 0.000000
5.440000 0.000000
5.450000 0.000000
5.460000 0.000000
5.470000 0.000000
5.480000 0.000000
5.490000 0.000000
5.500000 0.000000
5.510000 0.000000
5.520000 0.000000
5.530000 0.000000
5.540000 0.000000
5.550000 0.000000
5.560000 0.000000
5.570000 0.000000
5.580000 0.000000
5.590000 0.000000
5.600000 0.000000
5.610000 0.000000
5.620000 0.000000
5.630000 0.000000
5.640000 0.000000
5.650000 0.000000
5.660000 0.000000
5.670000 0.000000
5.680000 0.000000
5.690000 0.000000
5.700000 0.000000
5.710000 0.000000
5.720000 0.000000
5.730000 0.000000
5.740000 0.000000
5.750000 0.000000
5.760000 0.000000
5.770000 0.000000
5.780000 0.000000
5.790000 0.000000
5.800000 0.000000
5.810000 0.000000
5.820000 0.000000
5.830000 0.000000
5.840000 0.000000
5.850000 0.000000
5.860000 0.000000
5.870000 0.000000
5.880000 0.000000
5.890000 0.000000
5.900000 0.000000
5.910000 0.000000
5.920000 0.000000
5.930000 0.000000
5.940000 0.000000
5.950000 0.000000
5.960000 0.000000
5.970000 0.000000
5.980000 0.000000
5.990000 0.000000
6.000000 0.000000
6.010000 0.000000
6.020000 0.000001
6.030000 0.000001
6.040000 0.000001
6.050000 0.000001
6.060000 0.000001
6.070000 0.000002
6.080000 0.000002
6.090000 0.000003
6.100000 0.000003
6.110000 0.000004
6.120000 0.000005
6.130000 0.000006
6.140000 0.000008
6.150000 0.000009
6.160000 0.000011
6.170000 0.000014
6.180000 0.000017
6.190000 0.000020
6.200000 0.000025
6.210000 0.000030
6.220000 0.000036
6.230000 0.000043
6.240000 0.000051
6.250000 0.000061
6.260000 0.000073
6.270000 0.000086
6.280000 0.000102
6.290000 0.000121
6.300000 0.000143
6.310000 0.000169
6.320000 0.000198
6.330000 0.000233
6.340000 0.000273
6.350000 0.000319
6.360000 0.000372
6.370000 0.000433
6.380000 0.000503
6.390000 0.000584
6.400000 0.000676
6.410000 0.000781
6.420000 0.000901
6.430000 0.001037
6.440000 0.001192
6.450000 0.001368
6.460000 0.001566
6.470000 0.001790
6.480000 0.002043
6.490000 0.002328
6.500000 0.002647
6.510000 0.003006
6.520000 0.003407
6.530000 0.003855
6.540000 0.004356
6.550000 0.004913
6.560000 0.005532
6.570000 0.006220
6.580000 0.006982
6.590000 0.007825
6.600000 0.008756
6.610000 0.009783
6.620000 0.010913
6.630000 0.012155
6.640000 0.013519
6.650000 0.015012
6.660000 0.016646
6.670000 0.018430
6.680000 0.020375
6.690000 0.022493
6.700000 0.024795
6.710000 0.027294
6.720000 0.030001
6.730000 0.032930
6.740000 0.036094
6.750000 0.039506
6.760000 0.043181
6.770000 0.047133
6.780000 0.051375
6.790000 0.055923
6.800000 0.060791
6.810000 0.065993
6.820000 0.071544
6.830000 0.077459
6.840000 0.083752
6.850000 0.090437
6.860000 0.097527
6.870000 0.105035
6.880000 0.112975
6.890000 0.121358
6.900000 0.130197
6.910000 0.139500
6.920000 0.149278
6.930000 0.159538
6.940000 0.170290
6.950000 0.181538
6.960000 0.193288
6.970000 0.205543
6.980000 0.218304
6.990000 0.231572
7.000000 0.245345
7.010000 0.259620
7.020000 0.274391
7.030000 0.289651
7.040000 0.305391
7.050000 0.321599
7.060000 0.338261
7.070000 0.355362
7.080000 0.372883
7.090000 0.390805
7.100000 0.409104
7.110000 0.427756
7.120000 0.446732
7.130000 0.466005
7.140000 0.485542
7.150000 0.505310
7.160000 0.525272
7.170000 0.545392
7.180000 0.565628
7.190000 0.585941
7.200000 0.606287
7.210000 0.626621
7.220000 0.646896
7.230000 0.667067
7.240000 0.687084
7.250000 0.706900
7.260000 0.726463
7.270000 0.745723
7.280000 0.764631
7.290000 0.783135
7.300000 0.801185
7.310000 0.818731
7.320000 0.835724
7.330000 0.852114
7.340000 0.867856
7.350000 0.882901
7.360000 0.897207
7.370000 0.910729
7.380000 0.923427
7.390000 0.935261
7.400000 0.946195
7.410000 0.956196
7.420000 0.965231
7.430000 0.973273
7.440000 0.980295
7.450000 0.986275
7.460000 0.991195
7.470000 0.995038
7.480000 0.997792
7.490000 0.999447
7.500000 1.000000
7.510000 0.999447
7.520000 0.997792
7.530000 0.995038
7.540000 0.991195
7.550000 0.986275
7.560000 0.980295
7.570000 0.973273
7.580000 0.965231
7.590000 0.956196
7.600000 0.946195
7.610000 0.935261
7.620000 0.923427
7.630000 0.910729
7.640000 0.897207
7.650000 0.882901
7.660000 0.867856
7.670000 0.852114
7.680000 0.835724
7.690000 0.818731
7.700000 0.801185
7.710000 0.783135
7.720000 0.764631
7.730000 0.745723
7.740000 0.726463
7.750000 0.706900
7.760000 0.687084
7.770000 0.667067
7.780000 0.646896
7.790000 0.626621
7.800000 0.606287
7.810000 0.585941
7.820000 0.565628
7.830000 0.545392
7.840000 0.525272
7.850000 0.505310
7.860000 0.485542
7.870000 0.466005
7.880000 0.446732
7.890000 0.427756
7.900000 0.409104
7.910000 0.390805
7.920000 0.372883
7.930000 0.355362
7.940000 0.338261
7.950000 0.321599
7.960000 0.305391
7.970000 0.289651
7.980000 0.274391
7.990000 0.259620
8.000000 0.245345
8.010000 0.231572
8.020000 0.218303
8.030000 0.205543
8.040000 0.193288
8.050000 0.181538
8.060000 0.170290
8.070000 0.159539
8.080000 0.149278
8.090000 0.139500
8.100000 0.130196
8.110000 0.121359
8.120000 0.112975
8.130000 0.105035
8.140000 0.097526
8.150000 0.090437
8.160000 0.083752
8.170000 0.077459
8.180000 0.071544
8.190000 0.065993
8.200000 0.060791
8.210000 0.055923
8.220000 0.051375
8.230000 0.047133
8.240000 0.043181
8.250000 0.039506
8.260000 0.036094
8.270000 0.032930
8.280000 0.030001
8.290000 0.027294
8.300000 0.024795
8.310000 0.022493
8.320000 0.020376
8.330000 0.018430
8.340000 0.016646
8.350000 0.015012
8.360000 0.013519
8.370000 0.012155
8.380000 0.010913
8.390000 0.009783
8.400000 0.008756
8.410000 0.007825
8.420000 0.006982
8.430000 0.006220
8.440000 0.005532
8.450000 0.004913
8.460000 0.004356
8.470000 0.003855
8.480000 0.003407
8.490000 0.003006
8.500000 0.002647
8.510000 0.002328
8.520000 0.002043
8.530000 0.001790
8.540000 0.001566
8.550000 0.001368
8.560000 0.001192
8.570000 0.001037
8.580000 0.000901
8.590000 0.000781
8.600000 0.000676
8.610000 0.000584
8.620000 0.000503
8.630000 0.000433
8.640000 0.000372
8.650000 0.000319
8.660000 0.000273
8.670000 0.000233
8.680000 0.000198
8.690000 0.000169
8.700000 0.000143
8.710000 0.000121
8.720000 0.000102
8.730000 0.000086
8.740000 0.000073
8.750000 0.000061
8.760000 0.000051
8.770000 0.000043
8.780000 0.000036
8.790000 0.000030
8.800000 0.000025
8.810000 0.000020
8.820000 0.000017
8.830000 0.000014
8.840000 0.000011
8.850000 0.000009
8.860000 0.000008
8.870000 0.000006
8.880000 0.000005
8.890000 0.000004
8.900000 0.000003
8.910000 0.000003
8.920000 0.000002
8.930000 0.000002
8.940000 0.000001
8.950000 0.000001
8.960000 0.000001
8.970000 0.000001
8.980000 0.000001
8.990000 0.000000
9.000000 0.000000
9.010000 0.000000
9.020000 0.000000
9.030000 0.000000
9.040000 0.000000
9.050000 0.000000
9.060000 0.000000
9.070000 0.000000
9.080000 0.000000
9.090000 0.000000
9.100000 0.000000
9.110000 0.000000
9.120000 0.000000
9.130000 0.000000
9.140000 0.000000
9.150000 0.000000
9.160000 0.000000
9.170000 0.000000
9.180000 0.000000
9.190000 0.000000
9.200000 0.000000
9.210000 0.000000
9.220000 0.000000
9.230000 0.000000
9.240000 0.000000
9.250000 0.000000
9.260000 0.000000
9.270000 0.000000
9.280000 0.000000
9.290000 0.000000
9.300000 0.000000
9.310000 0.000000
9.320000 0.000000
9.330000 0.000000
9.340000 0.000000
9.350000 0.000000
9.360000 0.000000
9.370000 0.000000
9.380000 0.000000
9.390000 0.000000
9.400000 0.000000
9.410000 0.000000
9.420000 0.000000
9.430000 0.000000
9.440000 0.000000
9.450000 0.000000
9.460000 0.000000
9.470000 0.000000
9.480000 0.000000
9.490000 0.000000
9.500000 0.000000
9.510000 0.000000
9.520000 0.000000
9.530000 0.000000
9.540000 0.000000
9.550000 0.000000
9.560000 0.000000
9.570000 0.000000
9.580000 0.000000
9.590000 0.000000
9.600000 0.000000
9.610000 0.000000
9.620000 0.000000
9.630000 0.000000
9.640000 0.000000
9.650000 0.000000
9.660000 0.000000
9.670000 0.000000
9.680000 0.000000
9.690000 0.000000
9.700000 0.000000
9.710000 0.000000
9.720000 0.000000
9.730000 0.000000
9.740000 0.000000
9.750000 0.000000
9.760000 0.000000
9.770000 0.000000
9.780000 0.000000
9.790000 0.000000
9.800000 0.000000
9.810000 0.000000
9.820000 0.000000
9.830000 0.000000
9.840000 0.000000
9.850000 0.000000
9.860000 0.000000
9.870000 0.000000
9.880000 0.000000
9.890000 0.000000
9.900000 0.000000
9.910000 0.000000
9.920000 0.000000
9.930000 0.000000
9.940000 0.000000
9.950000 0.000000
9.960000 0.000000
9.970000 0.000000
9.980000 0.000000
9.990000 0.000000
10.000000 0.000000
