0.000000 0.000000
0.010000 0.000000
0.020000 0.000000
0.030000 0.000000
0.040000 0.000000
0.050000 0.000000
0.060000 0.000000
0.070000 0.000000
0.080000 0.000000
0.090000 0.000000
0.100000 0.000000
0.110000 0.000000
0.120000 0.000000
0.130000 0.000000
0.140000 0.000000
0.150000 0.000000
0.160000 0.000000
0.170000 0.000000
0.180000 0.000000
0.190000 0.000000
0.200000 0.000000
0.210000 0.000000
0.220000 0.000000
0.230000 0.000000
0.240000 0.000000
0.250000 0.000000
0.260000 0.000000
0.270000 0.000000
0.280000 0.000000
0.290000 0.000000
0.300000 0.000000
0.310000 0.000000
0.320000 0.000000
0.330000 0.000000
0.340000 0.000000
0.350000 0.000000
0.360000 0.000000
0.370000 0.000000
0.380000 0.000000
0.390000 0.000000
0.400000 0.000000
0.410000 0.000000
0.420000 0.000000
0.430000 0.000000
0.440000 0.000000
0.450000 0.000000
0.460000 0.000000
0.470000 0.000000
0.480000 0.000000
0.490000 0.000000
0.500000 0.000000
0.510000 0.000000
0.520000 0.000000
0.530000 0.000000
0.540000 0.000000
0.550000 0.000000
0.560000 0.000000
0.570000 0.000000
0.580000 0.000000
0.590000 0.000000
0.600000 0.000000
0.610000 0.000000
0.620000 0.000000
0.630000 0.000000
0.640000 0.000000
0.650000 0.000000
0.660000 0.000000
0.670000 0.000000
0.680000 0.000000
0.690000 0.000000
0.700000 0.000000
0.710000 0.000000
0.720000 0.000000
0.730000 0.000000
0.740000 0.000000
0.750000 0.000000
0.760000 0.000000
0.770000 0.000000
0.780000 0.000000
0.790000 0.000000
0.800000 0.000000
0.810000 0.000000
0.820000 0.000000
0.830000 0.000000
0.840000 0.000001
0.850000 0.000001
0.860000 0.000001
0.870000 0.000001
0.880000 0.000001
0.890000 0.000002
0.900000 0.000002
0.910000 0.000003
0.920000 0.000003
0.930000 0.000004
0.940000 0.000005
0.950000 0.000006
0.960000 0.000007
0.970000 0.000008
0.980000 0.000010
0.990000 0.000012
1.000000 0.000014
1.010000 0.000017
1.020000 0.000020
1.030000 0.000024
1.040000 0.000029
1.050000 0.000034
1.060000 0.000041
1.070000 0.000048
1.080000 0.000057
1.090000 0.000067
1.100000 0.000078
1.110000 0.000092
1.120000 0.000107
1.130000 0.000125
1.140000 0.000146
1.150000 0.000169
1.160000 0.000196
1.170000 0.000227
1.180000 0.000263
1.190000 0.000303
1.200000 0.000350
1.210000 0.000402
1.220000 0.000461
1.230000 0.000529
1.240000 0.000605
1.250000 0.000691
1.260000 0.000787
1.270000 0.000896
1.280000 0.001018
1.290000 0.001155
1.300000 0.001309
1.310000 0.001480
1.320000 0.001672
1.330000 0.001885
1.340000 0.002122
1.350000 0.002386
1.360000 0.002678
1.370000 0.003002
1.380000 0.003360
1.390000 0.003756
1.400000 0.004192
1.410000 0.004672
1.420000 0.005200
1.430000 0.005780
1.440000 0.006415
1.450000 0.007111
1.460000 0.007873
1.470000 0.008704
1.480000 0.009610
1.490000 0.010597
1.500000 0.011671
1.510000 0.012837
1.520000 0.014102
1.530000 0.015472
1.540000 0.016955
1.550000 0.018557
1.560000 0.020285
1.570000 0.022149
1.580000 0.024154
1.590000 0.026310
1.600000 0.028624
1.610000 0.031106
1.620000 0.033765
1.630000 0.036608
1.640000 0.039646
1.650000 0.042888
1.660000 0.046343
1.670000 0.050020
1.680000 0.053930
1.690000 0.058082
1.700000 0.062485
1.710000 0.067150
1.720000 0.072086
1.730000 0.077302
1.740000 0.082808
1.750000 0.088613
1.760000 0.094726
1.770000 0.101156
1.780000 0.107911
1.790000 0.114998
1.800000 0.122427
1.810000 0.130203
1.820000 0.138335
1.830000 0.146827
1.840000 0.155685
1.850000 0.164914
1.860000 0.174519
1.870000 0.184502
1.880000 0.194867
1.890000 0.205614
1.900000 0.216745
1.910000 0.228260
1.920000 0.240157
1.930000 0.252435
1.940000 0.265089
1.950000 0.278116
1.960000 0.291510
1.970000 0.305265
1.980000 0.319372
1.990000 0.333822
2.000000 0.348604
2.010000 0.363708
2.020000 0.379120
2.030000 0.394826
2.040000 0.410811
2.050000 0.427057
2.060000 0.443546
2.070000 0.460260
2.080000 0.477177
2.090000 0.494276
2.100000 0.511535
2.110000 0.528928
2.120000 0.546431
2.130000 0.564018
2.140000 0.581662
2.150000 0.599333
2.160000 0.617005
2.170000 0.634646
2.180000 0.652227
2.190000 0.669716
2.200000 0.687082
2.210000 0.704293
2.220000 0.721317
2.230000 0.738120
2.240000 0.754671
2.250000 0.770936
2.260000 0.786883
2.270000 0.802478
2.280000 0.817690
2.290000 0.832487
2.300000 0.846836
2.310000 0.860708
2.320000 0.874072
2.330000 0.886898
2.340000 0.899157
2.350000 0.910823
2.360000 0.921869
2.370000 0.932270
2.380000 0.942002
2.390000 0.951042
2.400000 0.959369
2.410000 0.966964
2.420000 0.973808
2.430000 0.979887
2.440000 0.985184
2.450000 0.989689
2.460000 0.993389
2.470000 0.996276
2.480000 0.998343
2.490000 0.999586
2.500000 1.000000
2.510000 0.999586
2.520000 0.998343
2.530000 0.996276
2.540000 0.993389
2.550000 0.989689
2.560000 0.985184
2.570000 0.979887
2.580000 0.973808
2.590000 0.966964
2.600000 0.959369
2.610000 0.951042
2.620000 0.942002
2.630000 0.932270
2.640000 0.921869
2.650000 0.910823
2.660000 0.899157
2.670000 0.886898
2.680000 0.874072
2.690000 0.860708
2.700000 0.846836
2.710000 0.832487
2.720000 0.817690
2.730000 0.802478
2.740000 0.786883
2.750000 0.770936
2.760000 0.754671
2.770000 0.738120
2.780000 0.721317
2.790000 0.704293
2.800000 0.687082
2.810000 0.669716
2.820000 0.652227
2.830000 0.634646
2.840000 0.617005
2.850000 0.599333
2.860000 0.581662
2.870000 0.564018
2.880000 0.546431
2.890000 0.528928
2.900000 0.511535
2.910000 0.494276
2.920000 0.477177
2.930000 0.460260
2.940000 0.443546
2.950000 0.427057
2.960000 0.410811
2.970000 0.394826
2.980000 0.379120
2.990000 0.363708
3.000000 0.348604
3.010000 0.333822
3.020000 0.319372
3.030000 0.305265
3.040000 0.291510
3.050000 0.278116
3.060000 0.265089
3.070000 0.252435
3.080000 0.240157
3.090000 0.228260
3.100000 0.216745
3.110000 0.205614
3.120000 0.194867
3.130000 0.184502
3.140000 0.174519
3.150000 0.164914
3.160000 0.155685
3.170000 0.146827
3.180000 0.138335
3.190000 0.130203
3.200000 0.122427
3.210000 0.114998
3.220000 0.107911
3.230000 0.101156
3.240000 0.094726
3.250000 0.088613
3.260000 0.082808
3.270000 0.077302
3.280000 0.072086
3.290000 0.067150
3.300000 0.062485
3.310000 0.058082
3.320000 0.053930
3.330000 0.050020
3.340000 0.046343
3.350000 0.042888
3.360000 0.039646
3.370000 0.036608
3.380000 0.033765
3.390000 0.031106
3.400000 0.028624
3.410000 0.026310
3.420000 0.024154
3.430000 0.022149
3.440000 0.020285
3.450000 0.018557
3.460000 0.016955
3.470000 0.015472
3.480000 0.014102
3.490000 0.012837
3.500000 0.011671
3.510000 0.010597
3.520000 0.009610
3.530000 0.008704
3.540000 0.007873
3.550000 0.007111
3.560000 0.006415
3.570000 0.005780
3.580000 0.005200
3.590000 0.004672
3.600000 0.004192
3.610000 0.003756
3.620000 0.003360
3.630000 0.003002
3.640000 0.002678
3.650000 0.002386
3.660000 0.002122
3.670000 0.001885
3.680000 0.001672
3.690000 0.001480
3.700000 0.001309
3.710000 0.001155
3.720000 0.001018
3.730000 0.000896
3.740000 0.000787
3.750000 0.000691
3.760000 0.000605
3.770000 0.000529
3.780000 0.000461
3.790000 0.000402
3.800000 0.000350
3.810000 0.000303
3.820000 0.000263
3.830000 0.000227
3.840000 0.000196
3.850000 0.000169
3.860000 0.000146
3.870000 0.000125
3.880000 0.000107
3.890000 0.000092
3.900000 0.000078
3.910000 0.000067
3.920000 0.000057
3.930000 0.000048
3.940000 0.000041
3.950000 0.000034
3.960000 0.000029
3.970000 0.000024
3.980000 0.000020
3.990000 0.000017
4.000000 0.000014
4.010000 0.000012
4.020000 0.000010
4.030000 0.000008
4.040000 0.000007
4.050000 0.000006
4.060000 0.000005
4.070000 0.000004
4.080000 0.000003
4.090000 0.000003
4.100000 0.000002
4.110000 0.000002
4.120000 0.000001
4.130000 0.000001
4.140000 0.000001
4.150000 0.000001
4.160000 0.000001
4.170000 0.000000
4.180000 0.000000
4.190000 0.000000
4.200000 0.000000
4.210000 0.000000
4.220000 0.000000
4.230000 0.000000
4.240000 0.000000
4.250000 0.000000
4.260000 0.000000
4.270000 0.000000
4.280000 0.000000
4.290000 0.000000
4.300000 0.000000
4.310000 0.000000
4.320000 0.000000
4.330000 0.000000
4.340000 0.000000
4.350000 0.000000
4.360000 0.000000
4.370000 0.000000
4.380000 0.000000
4.390000 0.000000
4.400000 0.000000
4.410000 0.000000
4.420000 0.000000
4.430000 0.000000
4.440000 0.000000
4.450000 0.000000
4.460000 0.000000
4.470000 0.000000
4.480000 0.000000
4.490000 0.000000
4.500000 0.000000
4.510000 0.000000
4.520000 0.000000
4.530000 0.000000
4.540000 0.000000
4.550000 0.000000
4.560000 0.000000
4.570000 0.000000
4.580000 0.000000
4.590000 0.000000
4.600000 0.000000
4.610000 0.000000
4.620000 0.000000
4.630000 0.000000
4.640000 0.000000
4.650000 0.000000
4.660000 0.000000
4.670000 0.000000
4.680000 0.000000
4.690000 0.000000
4.700000 0.000000
4.710000 0.000000
4.720000 0.000000
4.730000 0.000000
4.740000 0.000000
4.750000 0.000000
4.760000 0.000000
4.770000 0.000000
4.780000 0.000000
4.790000 0.000000
4.800000 0.000000
4.810000 0.000000
4.820000 0.000000
4.830000 0.000000
4.840000 0.000000
4.850000 0.000000
4.860000 0.000000
4.870000 0.000000
4.880000 0.000000
4.890000 0.000000
4.900000 0.000000
4.910000 0.000000
4.920000 0.000000
4.930000 0.000000
4.940000 0.000000
4.950000 0.000000
4.960000 0.000000
4.970000 0.000000
4.980000 0.000000
4.990000 0.000000
5.000000 0.000000
5.010000 -0.000000
5.020000 -0.000000
5.030000 -0.000000
5.040000 -0.000000
5.050000 -0.000000
5.060000 -0.000000
5.070000 -0.000000
5.080000 -0.000000
5.090000 -0.000000
5.100000 -0.000000
5.110000 -0.000000
5.120000 -0.000000
5.130000 -0.000000
5.140000 -0.000000
5.150000 -0.000000
5.160000 -0.000000
5.170000 -0.000000
5.180000 -0.000000
5.190000 -0.000000
5.200000 -0.000000
5.210000 -0.000000
5.220000 -0.000000
5.230000 -0.000000
5.240000 -0.000000
5.250000 -0.000000
5.260000 -0.000000
5.270000 -0.000000
5.280000 -0.000000
5.290000 -0.000000
5.300000 -0.000000
5.310000 -0.000000
5.320000 -0.000000
5.330000 -0.000000
5.340000 -0.000000
5.350000 -0.000000
5.360000 -0.000000
5.370000 -0.000000
5.380000 -0.000000
5.390000 -0.000000
5.400000 -0.000000
5.410000 -0.000000
5.420000 -0.000000
5.430000 -0.000000
5.440000 -0.000000
5.450000 -0.000000
5.460000 -0.000000
5.470000 -0.000000
5.480000 -0.000000
5.490000 -0.000000
5.500000 -0.000000
5.510000 -0.000000
5.520000 -0.000000
5.530000 -0.000000
5.540000 -0.000000
5.550000 -0.000000
5.560000 -0.000000
5.570000 -0.000000
5.580000 -0.000000
5.590000 -0.000000
5.600000 -0.000000
5.610000 -0.000000
5.620000 -0.000000
5.630000 -0.000000
5.640000 -0.000000
5.650000 -0.000000
5.660000 -0.000000
5.670000 -0.000000
5.680000 -0.000000
5.690000 -0.000000
5.700000 -0.000000
5.710000 -0.000000
5.720000 -0.000000
5.730000 -0.000000
5.740000 -0.000000
5.750000 -0.000000
5.760000 -0.000000
5.770000 -0.000000
5.780000 -0.000000
5.790000 -0.000000
5.800000 -0.000000
5.810000 -0.000000
5.820000 -0.000000
5.830000 -0.000000
5.840000 -0.000001
5.850000 -0.000001
5.860000 -0.000001
5.870000 -0.000001
5.880000 -0.000001
5.890000 -0.000002
5.900000 -0.000002
5.910000 -0.000003
5.920000 -0.000003
5.930000 -0.000004
5.940000 -0.000005
5.950000 -0.000006
5.960000 -0.000007
5.970000 -0.000008
5.980000 -0.000010
5.990000 -0.000012
6.000000 -0.000014
6.010000 -0.000017
6.020000 -0.000020
6.030000 -0.000024
6.040000 -0.000029
6.050000 -0.000034
6.060000 -0.000041
6.070000 -0.000048
6.080000 -0.000057
6.090000 -0.000067
6.100000 -0.000078
6.110000 -0.000092
6.120000 -0.000107
6.130000 -0.000125
6.140000 -0.000146
6.150000 -0.000169
6.160000 -0.000196
6.170000 -0.000227
6.180000 -0.000263
6.190000 -0.000303
6.200000 -0.000350
6.210000 -0.000402
6.220000 -0.000461
6.230000 -0.000529
6.240000 -0.000605
6.250000 -0.000691
6.260000 -0.000787
6.270000 -0.000896
6.280000 -0.001018
6.290000 -0.001155
6.300000 -0.001309
6.310000 -0.001480
6.320000 -0.001672
6.330000 -0.001885
6.340000 -0.002122
6.350000 -0.002386
6.360000 -0.002678
6.370000 -0.003002
6.380000 -0.003360
6.390000 -0.003756
6.400000 -0.004192
6.410000 -0.004672
6.420000 -0.005200
6.430000 -0.005780
6.440000 -0.006415
6.450000 -0.007111
6.460000 -0.007873
6.470000 -0.008704
6.480000 -0.009610
6.490000 -0.010597
6.500000 -0.011671
6.510000 -0.012837
6.520000 -0.014102
6.530000 -0.015472
6.540000 -0.016955
6.550000 -0.018557
6.560000 -0.020285
6.570000 -0.022149
6.580000 -0.024154
6.590000 -0.026310
6.600000 -0.028624
6.610000 -0.031106
6.620000 -0.033765
6.630000 -0.036608
6.640000 -0.039646
6.650000 -0.042888
6.660000 -0.046343
6.670000 -0.050020
6.680000 -0.053930
6.690000 -0.058082
6.700000 -0.062485
6.710000 -0.067150
6.720000 -0.072086
6.730000 -0.077302
6.740000 -0.082808
6.750000 -0.088613
6.760000 -0.094726
6.770000 -0.101156
6.780000 -0.107911
6.790000 -0.114998
6.800000 -0.122427
6.810000 -0.130203
6.820000 -0.138335
6.830000 -0.146827
6.840000 -0.155685
6.850000 -0.164914
6.860000 -0.174519
6.870000 -0.184502
6.880000 -0.194867
6.890000 -0.205614
6.900000 -0.216745
6.910000 -0.228260
6.920000 -0.240157
6.930000 -0.252435
6.940000 -0.265089
6.950000 -0.278116
6.960000 -0.291510
6.970000 -0.305264
6.980000 -0.319372
6.990000 -0.333821
7.000000 -0.348604
7.010000 -0.363709
7.020000 -0.379120
7.030000 -0.394827
7.040000 -0.410811
7.050000 -0.427057
7.060000 -0.443546
7.070000 -0.460260
7.080000 -0.477177
7.090000 -0.494277
7.100000 -0.511535
7.110000 -0.528928
7.120000 -0.546431
7.130000 -0.564018
7.140000 -0.581661
7.150000 -0.599333
7.160000 -0.617004
7.170000 -0.634646
7.180000 -0.652226
7.190000 -0.669716
7.200000 -0.687082
7.210000 -0.704293
7.220000 -0.721317
7.230000 -0.738120
7.240000 -0.754671
7.250000 -0.770936
7.260000 -0.786883
7.270000 -0.802478
7.280000 -0.817691
7.290000 -0.832487
7.300000 -0.846837
7.310000 -0.860708
7.320000 -0.874072
7.330000 -0.886898
7.340000 -0.899158
7.350000 -0.910823
7.360000 -0.921870
7.370000 -0.932270
7.380000 -0.942002
7.390000 -0.951042
7.400000 -0.959369
7.410000 -0.966964
7.420000 -0.973808
7.430000 -0.979887
7.440000 -0.985184
7.450000 -0.989689
7.460000 -0.993389
7.470000 -0.996276
7.480000 -0.998343
7.490000 -0.999586
7.500000 -1.000000
7.510000 -0.999586
7.520000 -0.998343
7.530000 -0.996276
7.540000 -0.993389
7.550000 -0.989689
7.560000 -0.985184
7.570000 -0.979887
7.580000 -0.973808
7.590000 -0.966964
7.600000 -0.959369
7.610000 -0.951042
7.620000 -0.942002
7.630000 -0.932270
7.640000 -0.921870
7.650000 -0.910823
7.660000 -0.899158
7.670000 -0.886898
7.680000 -0.874072
7.690000 -0.860708
7.700000 -0.846837
7.710000 -0.832487
7.720000 -0.817691
7.730000 -0.802478
7.740000 -0.786883
7.750000 -0.770936
7.760000 -0.754671
7.770000 -0.738120
7.780000 -0.721317
7.790000 -0.704293
7.800000 -0.687082
7.810000 -0.669716
7.820000 -0.652226
7.830000 -0.634646
7.840000 -0.617004
7.850000 -0.599333
7.860000 -0.581661
7.870000 -0.564018
7.880000 -0.546431
7.890000 -0.528928
7.900000 -0.511535
7.910000 -0.494277
7.920000 -0.477177
7.930000 -0.460260
7.940000 -0.443546
7.950000 -0.427057
7.960000 -0.410811
7.970000 -0.394827
7.980000 -0.379120
7.990000 -0.363709
8.000000 -0.348604
8.010000 -0.333821
8.020000 -0.319371
8.030000 -0.305265
8.040000 -0.291510
8.050000 -0.278116
8.060000 -0.265089
8.070000 -0.252435
8.080000 -0.240157
8.090000 -0.228260
8.100000 -0.216745
8.110000 -0.205615
8.120000 -0.194867
8.130000 -0.184502
8.140000 -0.174519
8.150000 -0.164915
8.160000 -0.155685
8.170000 -0.146827
8.180000 -0.138334
8.190000 -0.130204
8.200000 -0.122427
8.210000 -0.114998
8.220000 -0.107910
8.230000 -0.101156
8.240000 -0.094726
8.250000 -0.088613
8.260000 -0.082808
8.270000 -0.077302
8.280000 -0.072086
8.290000 -0.067150
8.300000 -0.062485
8.310000 -0.058082
8.320000 -0.053930
8.330000 -0.050020
8.340000 -0.046343
8.350000 -0.042888
8.360000 -0.039646
8.370000 -0.036608
8.380000 -0.033765
8.390000 -0.031106
8.400000 -0.028624
8.410000 -0.026310
8.420000 -0.024154
8.430000 -0.022148
8.440000 -0.020286
8.450000 -0.018557
8.460000 -0.016955
8.470000 -0.015472
8.480000 -0.014102
8.490000 -0.012837
8.500000 -0.011671
8.510000 -0.010597
8.520000 -0.009610
8.530000 -0.008704
8.540000 -0.007873
8.550000 -0.007111
8.560000 -0.006415
8.570000 -0.005780
8.580000 -0.005200
8.590000 -0.004672
8.600000 -0.004192
8.610000 -0.003756
8.620000 -0.003360
8.630000 -0.003002
8.640000 -0.002678
8.650000 -0.002386
8.660000 -0.002122
8.670000 -0.001885
8.680000 -0.001672
8.690000 -0.001480
8.700000 -0.001309
8.710000 -0.001155
8.720000 -0.001018
8.730000 -0.000896
8.740000 -0.000787
8.750000 -0.000691
8.760000 -0.000605
8.770000 -0.000529
8.780000 -0.000461
8.790000 -0.000402
8.800000 -0.000350
8.810000 -0.000303
8.820000 -0.000263
8.830000 -0.000227
8.840000 -0.000196
8.850000 -0.000169
8.860000 -0.000146
8.870000 -0.000125
8.880000 -0.000107
8.890000 -0.000092
8.900000 -0.000078
8.910000 -0.000067
8.920000 -0.000057
8.930000 -0.000048
8.940000 -0.000041
8.950000 -0.000034
8.960000 -0.000029
8.970000 -0.000024
8.980000 -0.000020
8.990000 -0.000017
9.000000 -0.000014
9.010000 -0.000012
9.020000 -0.000010
9.030000 -0.000008
9.040000 -0.000007
9.050000 -0.000006
9.060000 -0.000005
9.070000 -0.000004
9.080000 -0.000003
9.090000 -0.000003
9.100000 -0.000002
9.110000 -0.000002
9.120000 -0.000001
9.130000 -0.000001
9.140000 -0.000001
9.150000 -0.000001
9.160000 -0.000001
9.170000 -0.000000
9.180000 -0.000000
9.190000 -0.000000
9.200000 -0.000000
9.210000 -0.000000
9.220000 -0.000000
9.230000 -0.000000
9.240000 -0.000000
9.250000 -0.000000
9.260000 -0.000000
9.270000 -0.000000
9.280000 -0.000000
9.290000 -0.000000
9.300000 -0.000000
9.310000 -0.000000
9.320000 -0.000000
9.330000 -0.000000
9.340000 -0.000000
9.350000 -0.000000
9.360000 -0.000000
9.370000 -0.000000
9.380000 -0.000000
9.390000 -0.000000
9.400000 -0.000000
9.410000 -0.000000
9.420000 -0.000000
9.430000 -0.000000
9.440000 -0.000000
9.450000 -0.000000
9.460000 -0.000000
9.470000 -0.000000
9.480000 -0.000000
9.490000 -0.000000
9.500000 -0.000000
9.510000 -0.000000
9.520000 -0.000000
9.530000 -0.000000
9.540000 -0.000000
9.550000 -0.000000
9.560000 -0.000000
9.570000 -0.000000
9.580000 -0.000000
9.590000 -0.000000
9.600000 -0.000000
9.610000 -0.000000
9.620000 -0.000000
9.630000 -0.000000
9.640000 -0.000000
9.650000 -0.000000
9.660000 -0.000000
9.670000 -0.000000
9.680000 -0.000000
9.690000 -0.000000
9.700000 -0.000000
9.710000 -0.000000
9.720000 -0.000000
9.730000 -0.000000
9.740000 -0.000000
9.750000 -0.000000
9.760000 -0.000000
9.770000 -0.000000
9.780000 -0.000000
9.790000 -0.000000
9.800000 -0.000000
9.810000 -0.000000
9.820000 -0.000000
9.830000 -0.000000
9.840000 -0.000000
9.850000 -0.000000
9.860000 -0.000000
9.870000 -0.000000
9.880000 -0.000000
9.890000 -0.000000
9.900000 -0.000000
9.910000 -0.000000
9.920000 -0.000000
9.930000 -0.000000
9.940000 -0.000000
9.950000 -0.000000
9.960000 -0.000000
9.970000 -0.000000
9.980000 -0.000000
9.990000 -0.000000
10.000000 -0.000000
