0.000000 0.000000
0.010000 0.000000
0.020000 0.000000
0.030000 0.000000
0.040000 0.000000
0.050000 0.000000
0.060000 0.000000
0.070000 0.000000
0.080000 0.000000
0.090000 0.000000
0.100000 0.000000
0.110000 0.000000
0.120000 0.000000
0.130000 0.000000
0.140000 0.000000
0.150000 0.000000
0.160000 0.000000
0.170000 0.000000
0.180000 0.000000
0.190000 0.000000
0.200000 0.000000
0.210000 0.000000
0.220000 0.000000
0.230000 0.000000
0.240000 0.000000
0.250000 0.000000
0.260000 0.000000
0.270000 0.000000
0.280000 0.000000
0.290000 0.000000
0.300000 0.000000
0.310000 0.000000
0.320000 0.000000
0.330000 0.000000
0.340000 0.000000
0.350000 0.000000
0.360000 0.000000
0.370000 0.000000
0.380000 0.000000
0.390000 0.000000
0.400000 0.000000
0.410000 0.000000
0.420000 0.000000
0.430000 0.000000
0.440000 0.000000
0.450000 0.000000
0.460000 0.000000
0.470000 0.000000
0.480000 0.000000
0.490000 0.000000
0.500000 0.000000
0.510000 0.000000
0.520000 0.000000
0.530000 0.000000
0.540000 0.000000
0.550000 0.000000
0.560000 0.000000
0.570000 0.000000
0.580000 0.000000
0.590000 0.000000
0.600000 0.000000
0.610000 0.000000
0.620000 0.000000
0.630000 0.000000
0.640000 0.000000
0.650000 0.000000
0.660000 0.000000
0.670000 0.000000
0.680000 0.000000
0.690000 0.000000
0.700000 0.000000
0.710000 0.000000
0.720000 0.000000
0.730000 0.000000
0.740000 0.000000
0.750000 0.000000
0.760000 0.000000
0.770000 0.000000
0.780000 0.000000
0.790000 0.000000
0.800000 0.000000
0.810000 0.000000
0.820000 0.000000
0.830000 0.000000
0.840000 0.000000
0.850000 0.000000
0.860000 0.000000
0.870000 0.000000
0.880000 0.000000
0.890000 0.000000
0.900000 0.000000
0.910000 0.000000
0.920000 0.000000
0.930000 0.000000
0.940000 0.000000
0.950000 0.000000
0.960000 0.000000
0.970000 0.000001
0.980000 0.000001
0.990000 0.000001
1.000000 0.000001
1.010000 0.000001
1.020000 0.000002
1.030000 0.000002
1.040000 0.000002
1.050000 0.000003
1.060000 0.000004
1.070000 0.000004
1.080000 0.000006
1.090000 0.000007
1.100000 0.000008
1.110000 0.000010
1.120000 0.000012
1.130000 0.000015
1.140000 0.000018
1.150000 0.000021
1.160000 0.000026
1.170000 0.000031
1.180000 0.000037
1.190000 0.000044
1.200000 0.000053
1.210000 0.000062
1.220000 0.000074
1.230000 0.000088
1.240000 0.000104
1.250000 0.000122
1.260000 0.000144
1.270000 0.000169
1.280000 0.000197
1.290000 0.000231
1.300000 0.000269
1.310000 0.000314
1.320000 0.000365
1.330000 0.000423
1.340000 0.000490
1.350000 0.000567
1.360000 0.000654
1.370000 0.000753
1.380000 0.000866
1.390000 0.000994
1.400000 0.001138
1.410000 0.001302
1.420000 0.001487
1.430000 0.001694
1.440000 0.001928
1.450000 0.002190
1.460000 0.002484
1.470000 0.002813
1.480000 0.003180
1.490000 0.003589
1.500000 0.004045
1.510000 0.004551
1.520000 0.005113
1.530000 0.005735
1.540000 0.006422
1.550000 0.007182
1.560000 0.008019
1.570000 0.008941
1.580000 0.009954
1.590000 0.011065
1.600000 0.012283
1.610000 0.013615
1.620000 0.015069
1.630000 0.016656
1.640000 0.018384
1.650000 0.020263
1.660000 0.022303
1.670000 0.024514
1.680000 0.026908
1.690000 0.029496
1.700000 0.032289
1.710000 0.035300
1.720000 0.038540
1.730000 0.042022
1.740000 0.045759
1.750000 0.049763
1.760000 0.054047
1.770000 0.058625
1.780000 0.063510
1.790000 0.068714
1.800000 0.074251
1.810000 0.080134
1.820000 0.086376
1.830000 0.092988
1.840000 0.099983
1.850000 0.107372
1.860000 0.115167
1.870000 0.123379
1.880000 0.132016
1.890000 0.141089
1.900000 0.150606
1.910000 0.160574
1.920000 0.170999
1.930000 0.181888
1.940000 0.193243
1.950000 0.205069
1.960000 0.217366
1.970000 0.230134
1.980000 0.243373
1.990000 0.257078
2.000000 0.271247
2.010000 0.285871
2.020000 0.300944
2.030000 0.316455
2.040000 0.332393
2.050000 0.348743
2.060000 0.365491
2.070000 0.382618
2.080000 0.400106
2.090000 0.417932
2.100000 0.436073
2.110000 0.454505
2.120000 0.473199
2.130000 0.492127
2.140000 0.511257
2.150000 0.530557
2.160000 0.549993
2.170000 0.569528
2.180000 0.589126
2.190000 0.608746
2.200000 0.628349
2.210000 0.647895
2.220000 0.667339
2.230000 0.686640
2.240000 0.705753
2.250000 0.724633
2.260000 0.743236
2.270000 0.761517
2.280000 0.779429
2.290000 0.796929
2.300000 0.813971
2.310000 0.830511
2.320000 0.846505
2.330000 0.861911
2.340000 0.876686
2.350000 0.890791
2.360000 0.904185
2.370000 0.916832
2.380000 0.928696
2.390000 0.939743
2.400000 0.949941
2.410000 0.959260
2.420000 0.967674
2.430000 0.975158
2.440000 0.981689
2.450000 0.987249
2.460000 0.991821
2.470000 0.995391
2.480000 0.997949
2.490000 0.999487
2.500000 1.000000
2.510000 0.999487
2.520000 0.997949
2.530000 0.995391
2.540000 0.991821
2.550000 0.987249
2.560000 0.981689
2.570000 0.975158
2.580000 0.967674
2.590000 0.959260
2.600000 0.949941
2.610000 0.939743
2.620000 0.928696
2.630000 0.916832
2.640000 0.904185
2.650000 0.890791
2.660000 0.876686
2.670000 0.861911
2.680000 0.846505
2.690000 0.830511
2.700000 0.813971
2.710000 0.796929
2.720000 0.779429
2.730000 0.761517
2.740000 0.743236
2.750000 0.724633
2.760000 0.705753
2.770000 0.686640
2.780000 0.667339
2.790000 0.647895
2.800000 0.628349
2.810000 0.608746
2.820000 0.589126
2.830000 0.569528
2.840000 0.549993
2.850000 0.530557
2.860000 0.511257
2.870000 0.492127
2.880000 0.473199
2.890000 0.454505
2.900000 0.436073
2.910000 0.417932
2.920000 0.400106
2.930000 0.382618
2.940000 0.365491
2.950000 0.348743
2.960000 0.332393
2.970000 0.316455
2.980000 0.300944
2.990000 0.285871
3.000000 0.271247
3.010000 0.257078
3.020000 0.243373
3.030000 0.230134
3.040000 0.217366
3.050000 0.205069
3.060000 0.193243
3.070000 0.181888
3.080000 0.171000
3.090000 0.160574
3.100000 0.150606
3.110000 0.141089
3.120000 0.132016
3.130000 0.123379
3.140000 0.115167
3.150000 0.107372
3.160000 0.099983
3.170000 0.092988
3.180000 0.086376
3.190000 0.080134
3.200000 0.074251
3.210000 0.068714
3.220000 0.063510
3.230000 0.058625
3.240000 0.054047
3.250000 0.049763
3.260000 0.045759
3.270000 0.042022
3.280000 0.038540
3.290000 0.035300
3.300000 0.032289
3.310000 0.029496
3.320000 0.026908
3.330000 0.024514
3.340000 0.022303
3.350000 0.020263
3.360000 0.018384
3.370000 0.016656
3.380000 0.015069
3.390000 0.013615
3.400000 0.012283
3.410000 0.011065
3.420000 0.009954
3.430000 0.008941
3.440000 0.008019
3.450000 0.007182
3.460000 0.006422
3.470000 0.005735
3.480000 0.005113
3.490000 0.004551
3.500000 0.004045
3.510000 0.003589
3.520000 0.003180
3.530000 0.002813
3.540000 0.002484
3.550000 0.002190
3.560000 0.001928
3.570000 0.001694
3.580000 0.001487
3.590000 0.001302
3.600000 0.001138
3.610000 0.000994
3.620000 0.000866
3.630000 0.000753
3.640000 0.000654
3.650000 0.000567
3.660000 0.000490
3.670000 0.000423
3.680000 0.000365
3.690000 0.000314
3.700000 0.000269
3.710000 0.000231
3.720000 0.000197
3.730000 0.000169
3.740000 0.000144
3.750000 0.000122
3.760000 0.000104
3.770000 0.000088
3.780000 0.000074
3.790000 0.000062
3.800000 0.000053
3.810000 0.000044
3.820000 0.000037
3.830000 0.000031
3.840000 0.000026
3.850000 0.000021
3.860000 0.000018
3.870000 0.000015
3.880000 0.000012
3.890000 0.000010
3.900000 0.000008
3.910000 0.000007
3.920000 0.000006
3.930000 0.000004
3.940000 0.000004
3.950000 0.000003
3.960000 0.000002
3.970000 0.000002
3.980000 0.000002
3.990000 0.000001
4.000000 0.000001
4.010000 0.000001
4.020000 0.000001
4.030000 0.000001
4.040000 0.000000
4.050000 0.000000
4.060000 0.000000
4.070000 0.000000
4.080000 0.000000
4.090000 0.000000
4.100000 0.000000
4.110000 0.000000
4.120000 0.000000
4.130000 0.000000
4.140000 0.000000
4.150000 0.000000
4.160000 0.000000
4.170000 0.000000
4.180000 0.000000
4.190000 0.000000
4.200000 0.000000
4.210000 0.000000
4.220000 0.000000
4.230000 0.000000
4.240000 0.000000
4.250000 0.000000
4.260000 0.000000
4.270000 0.000000
4.280000 0.000000
4.290000 0.000000
4.300000 0.000000
4.310000 0.000000
4.320000 0.000000
4.330000 0.000000
4.340000 0.000000
4.350000 0.000000
4.360000 0.000000
4.370000 0.000000
4.380000 0.000000
4.390000 0.000000
4.400000 0.000000
4.410000 0.000000
4.420000 0.000000
4.430000 0.000000
4.440000 0.000000
4.450000 0.000000
4.460000 0.000000
4.470000 0.000000
4.480000 0.000000
4.490000 0.000000
4.500000 0.000000
4.510000 0.000000
4.520000 0.000000
4.530000 0.000000
4.540000 0.000000
4.550000 0.000000
4.560000 0.000000
4.570000 0.000000
4.580000 0.000000
4.590000 0.000000
4.600000 0.000000
4.610000 0.000000
4.620000 0.000000
4.630000 0.000000
4.640000 0.000000
4.650000 0.000000
4.660000 0.000000
4.670000 0.000000
4.680000 0.000000
4.690000 0.000000
4.700000 0.000000
4.710000 0.000000
4.720000 0.000000
4.730000 0.000000
4.740000 0.000000
4.750000 0.000000
4.760000 0.000000
4.770000 0.000000
4.780000 0.000000
4.790000 0.000000
4.800000 0.000000
4.810000 0.000000
4.820000 0.000000
4.830000 0.000000
4.840000 0.000000
4.850000 0.000000
4.860000 0.000000
4.870000 0.000000
4.880000 0.000000
4.890000 0.000000
4.900000 0.000000
4.910000 0.000000
4.920000 0.000000
4.930000 0.000000
4.940000 0.000000
4.950000 0.000000
4.960000 0.000000
4.970000 0.000000
4.980000 0.000000
4.990000 0.000000
5.000000 0.000000
5.010000 0.000000
5.020000 0.000000
5.030000 0.000000
5.040000 0.000000
5.050000 0.000000
5.060000 0.000000
5.070000 0.000000
5.080000 0.000000
5.090000 0.000000
5.100000 0.000000
5.110000 0.000000
5.120000 0.000000
5.130000 0.000000
5.140000 0.000000
5.150000 0.000000
5.160000 0.000000
5.170000 0.000000
5.180000 0.000000
5.190000 0.000000
5.200000 0.000000
5.210000 0.000000
5.220000 0.000000
5.230000 0.000000
5.240000 0.000000
5.250000 0.000000
5.260000 0.000000
5.270000 0.000000
5.280000 0.000000
5.290000 0.000000
5.300000 0.000000
5.310000 0.000000
5.320000 0.000000
5.330000 0.000000
5.340000 0.000000
5.350000 0.000000
5.360000 0.000000
5.370000 0.000000
5.380000 0.000000
5.390000 0.000000
5.400000 0.000000
5.410000 0.000000
5.420000 0.000000
5.430000 0.000000
5.440000 0.000000
5.450000 0.000000
5.460000 0.000000
5.470000 0.000000
5.480000 0.000000
5.490000 0.000000
5.500000 0.000000
5.510000 0.000000
5.520000 0.000000
5.530000 0.000000
5.540000 0.000000
5.550000 0.000000
5.560000 0.000000
5.570000 0.000000
5.580000 0.000000
5.590000 0.000000
5.600000 0.000000
5.610000 0.000000
5.620000 0.000000
5.630000 0.000000
5.640000 0.000000
5.650000 0.000000
5.660000 0.000000
5.670000 0.000000
5.680000 0.000000
5.690000 0.000000
5.700000 0.000000
5.710000 0.000000
5.720000 0.000000
5.730000 0.000000
5.740000 0.000000
5.750000 0.000000
5.760000 0.000000
5.770000 0.000000
5.780000 0.000000
5.790000 0.000000
5.800000 0.000000
5.810000 0.000000
5.820000 0.000000
5.830000 0.000000
5.840000 0.000000
5.850000 0.000000
5.860000 0.000000
5.870000 0.000000
5.880000 0.000000
5.890000 0.000000
5.900000 0.000000
5.910000 0.000000
5.920000 0.000000
5.930000 0.000000
5.940000 0.000000
5.950000 0.000000
5.960000 0.000000
5.970000 0.000001
5.980000 0.000001
5.990000 0.000001
6.000000 0.000001
6.010000 0.000001
6.020000 0.000002
6.030000 0.000002
6.040000 0.000002
6.050000 0.000003
6.060000 0.000004
6.070000 0.000004
6.080000 0.000006
6.090000 0.000007
6.100000 0.000008
6.110000 0.000010
6.120000 0.000012
6.130000 0.000015
6.140000 0.000018
6.150000 0.000021
6.160000 0.000026
6.170000 0.000031
6.180000 0.000037
6.190000 0.000044
6.200000 0.000053
6.210000 0.000062
6.220000 0.000074
6.230000 0.000088
6.240000 0.000104
6.250000 0.000122
6.260000 0.000144
6.270000 0.000169
6.280000 0.000197
6.290000 0.000231
6.300000 0.000269
6.310000 0.000314
6.320000 0.000365
6.330000 0.000423
6.340000 0.000490
6.350000 0.000567
6.360000 0.000654
6.370000 0.000753
6.380000 0.000866
6.390000 0.000994
6.400000 0.001138
6.410000 0.001302
6.420000 0.001487
6.430000 0.001694
6.440000 0.001928
6.450000 0.002190
6.460000 0.002484
6.470000 0.002813
6.480000 0.003180
6.490000 0.003589
6.500000 0.004045
6.510000 0.004551
6.520000 0.005113
6.530000 0.005735
6.540000 0.006422
6.550000 0.007182
6.560000 0.008019
6.570000 0.008941
6.580000 0.009954
6.590000 0.011065
6.600000 0.012283
6.610000 0.013615
6.620000 0.015069
6.630000 0.016656
6.640000 0.018384
6.650000 0.020263
6.660000 0.022303
6.670000 0.024514
6.680000 0.026908
6.690000 0.029496
6.700000 0.032289
6.710000 0.035300
6.720000 0.038540
6.730000 0.042022
6.740000 0.045758
6.750000 0.049763
6.760000 0.054047
6.770000 0.058625
6.780000 0.063510
6.790000 0.068714
6.800000 0.074252
6.810000 0.080134
6.820000 0.086376
6.830000 0.092988
6.840000 0.099983
6.850000 0.107372
6.860000 0.115167
6.870000 0.123379
6.880000 0.132016
6.890000 0.141089
6.900000 0.150606
6.910000 0.160574
6.920000 0.171000
6.930000 0.181888
6.940000 0.193243
6.950000 0.205068
6.960000 0.217366
6.970000 0.230134
6.980000 0.243373
6.990000 0.257078
7.000000 0.271247
7.010000 0.285872
7.020000 0.300944
7.030000 0.316456
7.040000 0.332393
7.050000 0.348744
7.060000 0.365491
7.070000 0.382619
7.080000 0.400106
7.090000 0.417932
7.100000 0.436073
7.110000 0.454505
7.120000 0.473199
7.130000 0.492127
7.140000 0.511257
7.150000 0.530557
7.160000 0.549993
7.170000 0.569528
7.180000 0.589125
7.190000 0.608746
7.200000 0.628349
7.210000 0.647895
7.220000 0.667339
7.230000 0.686640
7.240000 0.705752
7.250000 0.724633
7.260000 0.743236
7.270000 0.761517
7.280000 0.779430
7.290000 0.796929
7.300000 0.813971
7.310000 0.830511
7.320000 0.846506
7.330000 0.861911
7.340000 0.876687
7.350000 0.890791
7.360000 0.904185
7.370000 0.916832
7.380000 0.928696
7.390000 0.939743
7.400000 0.949941
7.410000 0.959260
7.420000 0.967674
7.430000 0.975158
7.440000 0.981689
7.450000 0.987249
7.460000 0.991821
7.470000 0.995391
7.480000 0.997949
7.490000 0.999487
7.500000 1.000000
7.510000 0.999487
7.520000 0.997949
7.530000 0.995391
7.540000 0.991821
7.550000 0.987249
7.560000 0.981689
7.570000 0.975158
7.580000 0.967674
7.590000 0.959260
7.600000 0.949941
7.610000 0.939743
7.620000 0.928696
7.630000 0.916832
7.640000 0.904185
7.650000 0.890791
7.660000 0.876687
7.670000 0.861911
7.680000 0.846506
7.690000 0.830511
7.700000 0.813971
7.710000 0.796929
7.720000 0.779430
7.730000 0.761517
7.740000 0.743236
7.750000 0.724633
7.760000 0.705752
7.770000 0.686640
7.780000 0.667339
7.790000 0.647895
7.800000 0.628349
7.810000 0.608746
7.820000 0.589125
7.830000 0.569528
7.840000 0.549993
7.850000 0.530557
7.860000 0.511257
7.870000 0.492127
7.880000 0.473199
7.890000 0.454505
7.900000 0.436073
7.910000 0.417932
7.920000 0.400106
7.930000 0.382619
7.940000 0.365491
7.950000 0.348744
7.960000 0.332393
7.970000 0.316456
7.980000 0.300944
7.990000 0.285872
8.000000 0.271247
8.010000 0.257078
8.020000 0.243372
8.030000 0.230134
8.040000 0.217366
8.050000 0.205068
8.060000 0.193243
8.070000 0.181888
8.080000 0.171000
8.090000 0.160574
8.100000 0.150606
8.110000 0.141090
8.120000 0.132016
8.130000 0.123379
8.140000 0.115167
8.150000 0.107372
8.160000 0.099983
8.170000 0.092988
8.180000 0.086375
8.190000 0.080135
8.200000 0.074252
8.210000 0.068714
8.220000 0.063510
8.230000 0.058625
8.240000 0.054047
8.250000 0.049763
8.260000 0.045758
8.270000 0.042022
8.280000 0.038540
8.290000 0.035300
8.300000 0.032289
8.310000 0.029496
8.320000 0.026908
8.330000 0.024514
8.340000 0.022303
8.350000 0.020263
8.360000 0.018384
8.370000 0.016656
8.380000 0.015069
8.390000 0.013614
8.400000 0.012283
8.410000 0.011065
8.420000 0.009954
8.430000 0.008941
8.440000 0.008019
8.450000 0.007182
8.460000 0.006422
8.470000 0.005735
8.480000 0.005113
8.490000 0.004551
8.500000 0.004045
8.510000 0.003589
8.520000 0.003180
8.530000 0.002813
8.540000 0.002484
8.550000 0.002190
8.560000 0.001928
8.570000 0.001694
8.580000 0.001487
8.590000 0.001302
8.600000 0.001138
8.610000 0.000994
8.620000 0.000866
8.630000 0.000753
8.640000 0.000654
8.650000 0.000567
8.660000 0.000490
8.670000 0.000423
8.680000 0.000365
8.690000 0.000314
8.700000 0.000269
8.710000 0.000231
8.720000 0.000197
8.730000 0.000169
8.740000 0.000144
8.750000 0.000122
8.760000 0.000104
8.770000 0.000088
8.780000 0.000074
8.790000 0.000062
8.800000 0.000053
8.810000 0.000044
8.820000 0.000037
8.830000 0.000031
8.840000 0.000026
8.850000 0.000021
8.860000 0.000018
8.870000 0.000015
8.880000 0.000012
8.890000 0.000010
8.900000 0.000008
8.910000 0.000007
8.920000 0.000006
8.930000 0.000004
8.940000 0.000004
8.950000 0.000003
8.960000 0.000002
8.970000 0.000002
8.980000 0.000002
8.990000 0.000001
9.000000 0.000001
9.010000 0.000001
9.020000 0.000001
9.030000 0.000001
9.040000 0.000000
9.050000 0.000000
9.060000 0.000000
9.070000 0.000000
9.080000 0.000000
9.090000 0.000000
9.100000 0.000000
9.110000 0.000000
9.120000 0.000000
9.130000 0.000000
9.140000 0.000000
9.150000 0.000000
9.160000 0.000000
9.170000 0.000000
9.180000 0.000000
9.190000 0.000000
9.200000 0.000000
9.210000 0.000000
9.220000 0.000000
9.230000 0.000000
9.240000 0.000000
9.250000 0.000000
9.260000 0.000000
9.270000 0.000000
9.280000 0.000000
9.290000 0.000000
9.300000 0.000000
9.310000 0.000000
9.320000 0.000000
9.330000 0.000000
9.340000 0.000000
9.350000 0.000000
9.360000 0.000000
9.370000 0.000000
9.380000 0.000000
9.390000 0.000000
9.400000 0.000000
9.410000 0.000000
9.420000 0.000000
9.430000 0.000000
9.440000 0.000000
9.450000 0.000000
9.460000 0.000000
9.470000 0.000000
9.480000 0.000000
9.490000 0.000000
9.500000 0.000000
9.510000 0.000000
9.520000 0.000000
9.530000 0.000000
9.540000 0.000000
9.550000 0.000000
9.560000 0.000000
9.570000 0.000000
9.580000 0.000000
9.590000 0.000000
9.600000 0.000000
9.610000 0.000000
9.620000 0.000000
9.630000 0.000000
9.640000 0.000000
9.650000 0.000000
9.660000 0.000000
9.670000 0.000000
9.680000 0.000000
9.690000 0.000000
9.700000 0.000000
9.710000 0.000000
9.720000 0.000000
9.730000 0.000000
9.740000 0.000000
9.750000 0.000000
9.760000 0.000000
9.770000 0.000000
9.780000 0.000000
9.790000 0.000000
9.800000 0.000000
9.810000 0.000000
9.820000 0.000000
9.830000 0.000000
9.840000 0.000000
9.850000 0.000000
9.860000 0.000000
9.870000 0.000000
9.880000 0.000000
9.890000 0.000000
9.900000 0.000000
9.910000 0.000000
9.920000 0.000000
9.930000 0.000000
9.940000 0.000000
9.950000 0.000000
9.960000 0.000000
9.970000 0.000000
9.980000 0.000000
9.990000 0.000000
10.000000 0.000000
