0.000000 0.000000
0.010000 0.000000
0.020000 0.000000
0.030000 0.000000
0.040000 0.000000
0.050000 0.000000
0.060000 0.000000
0.070000 0.000000
0.080000 0.000000
0.090000 0.000000
0.100000 0.000000
0.110000 0.000000
0.120000 0.000000
0.130000 0.000000
0.140000 0.000000
0.150000 0.000000
0.160000 0.000000
0.170000 0.000000
0.180000 0.000000
0.190000 0.000000
0.200000 0.000000
0.210000 0.000000
0.220000 0.000000
0.230000 0.000000
0.240000 0.000000
0.250000 0.000000
0.260000 0.000000
0.270000 0.000000
0.280000 0.000000
0.290000 0.000000
0.300000 0.000000
0.310000 0.000000
0.320000 0.000000
0.330000 0.000000
0.340000 0.000000
0.350000 0.000000
0.360000 0.000000
0.370000 0.000000
0.380000 0.000000
0.390000 0.000000
0.400000 0.000000
0.410000 0.000000
0.420000 0.000000
0.430000 0.000000
0.440000 0.000000
0.450000 0.000000
0.460000 0.000000
0.470000 0.000000
0.480000 0.000000
0.490000 0.000000
0.500000 0.000000
0.510000 0.000000
0.520000 0.000000
0.530000 0.000000
0.540000 0.000000
0.550000 0.000000
0.560000 0.000000
0.570000 0.000000
0.580000 0.000000
0.590000 0.000000
0.600000 0.000000
0.610000 0.000000
0.620000 0.000000
0.630000 0.000000
0.640000 0.000000
0.650000 0.000000
0.660000 0.000000
0.670000 0.000000
0.680000 0.000000
0.690000 0.000000
0.700000 0.000000
0.710000 0.000000
0.720000 0.000000
0.730000 0.000000
0.740000 0.000000
0.750000 0.000000
0.760000 0.000000
0.770000 0.000000
0.780000 0.000000
0.790000 0.000000
0.800000 0.000000
0.810000 0.000000
0.820000 0.000000
0.830000 0.000000
0.840000 0.000000
0.850000 0.000000
0.860000 0.000000
0.870000 0.000000
0.880000 0.000000
0.890000 0.000000
0.900000 0.000000
0.910000 0.000000
0.920000 0.000000
0.930000 0.000000
0.940000 0.000000
0.950000 0.000000
0.960000 0.000000
0.970000 0.000000
0.980000 0.000000
0.990000 0.000000
1.000000 0.000000
1.010000 0.000000
1.020000 0.000000
1.030000 0.000000
1.040000 0.000000
1.050000 0.000000
1.060000 0.000000
1.070000 0.000000
1.080000 0.000000
1.090000 0.000000
1.100000 0.000000
1.110000 0.000000
1.120000 0.000000
1.130000 0.000000
1.140000 0.000000
1.150000 0.000000
1.160000 0.000000
1.170000 0.000000
1.180000 0.000000
1.190000 0.000000
1.200000 0.000000
1.210000 0.000000
1.220000 0.000000
1.230000 0.000000
1.240000 0.000000
1.250000 0.000000
1.260000 0.000000
1.270000 0.000000
1.280000 0.000000
1.290000 0.000000
1.300000 0.000000
1.310000 0.000000
1.320000 0.000000
1.330000 0.000000
1.340000 0.000000
1.350000 0.000000
1.360000 0.000000
1.370000 0.000000
1.380000 0.000000
1.390000 0.000000
1.400000 0.000000
1.410000 0.000000
1.420000 0.000000
1.430000 0.000000
1.440000 0.000000
1.450000 0.000000
1.460000 0.000000
1.470000 0.000000
1.480000 0.000000
1.490000 0.000000
1.500000 0.000000
1.510000 0.000000
1.520000 0.000000
1.530000 0.000000
1.540000 0.000000
1.550000 0.000000
1.560000 0.000000
1.570000 0.000000
1.580000 0.000000
1.590000 0.000000
1.600000 0.000000
1.610000 0.000000
1.620000 0.000000
1.630000 0.000000
1.640000 0.000000
1.650000 0.000000
1.660000 0.000001
1.670000 0.000001
1.680000 0.000001
1.690000 0.000002
1.700000 0.000002
1.710000 0.000003
1.720000 0.000005
1.730000 0.000006
1.740000 0.000009
1.750000 0.000012
1.760000 0.000017
1.770000 0.000023
1.780000 0.000031
1.790000 0.000041
1.800000 0.000055
1.810000 0.000074
1.820000 0.000098
1.830000 0.000129
1.840000 0.000170
1.850000 0.000222
1.860000 0.000290
1.870000 0.000376
1.880000 0.000485
1.890000 0.000623
1.900000 0.000796
1.910000 0.001014
1.920000 0.001285
1.930000 0.001622
1.940000 0.002038
1.950000 0.002549
1.960000 0.003175
1.970000 0.003937
1.980000 0.004861
1.990000 0.005976
2.000000 0.007315
2.010000 0.008916
2.020000 0.010822
2.030000 0.013079
2.040000 0.015740
2.050000 0.018862
2.060000 0.022510
2.070000 0.026751
2.080000 0.031660
2.090000 0.037313
2.100000 0.043794
2.110000 0.051190
2.120000 0.059589
2.130000 0.069082
2.140000 0.079762
2.150000 0.091718
2.160000 0.105038
2.170000 0.119807
2.180000 0.136101
2.190000 0.153989
2.200000 0.173530
2.210000 0.194768
2.220000 0.217732
2.230000 0.242434
2.240000 0.268866
2.250000 0.296998
2.260000 0.326774
2.270000 0.358115
2.280000 0.390914
2.290000 0.425038
2.300000 0.460325
2.310000 0.496586
2.320000 0.533604
2.330000 0.571140
2.340000 0.608929
2.350000 0.646685
2.360000 0.684107
2.370000 0.720878
2.380000 0.756673
2.390000 0.791161
2.400000 0.824011
2.410000 0.854898
2.420000 0.883507
2.430000 0.909538
2.440000 0.932714
2.450000 0.952782
2.460000 0.969520
2.470000 0.982740
2.480000 0.992292
2.490000 0.998067
2.500000 1.000000
2.510000 0.998067
2.520000 0.992292
2.530000 0.982740
2.540000 0.969520
2.550000 0.952782
2.560000 0.932714
2.570000 0.909538
2.580000 0.883507
2.590000 0.854898
2.600000 0.824011
2.610000 0.791161
2.620000 0.756673
2.630000 0.720878
2.640000 0.684107
2.650000 0.646685
2.660000 0.608929
2.670000 0.571140
2.680000 0.533604
2.690000 0.496586
2.700000 0.460325
2.710000 0.425038
2.720000 0.390914
2.730000 0.358115
2.740000 0.326774
2.750000 0.296998
2.760000 0.268866
2.770000 0.242434
2.780000 0.217732
2.790000 0.194768
2.800000 0.173530
2.810000 0.153989
2.820000 0.136101
2.830000 0.119807
2.840000 0.105038
2.850000 0.091718
2.860000 0.079762
2.870000 0.069082
2.880000 0.059589
2.890000 0.051190
2.900000 0.043794
2.910000 0.037313
2.920000 0.031660
2.930000 0.026751
2.940000 0.022510
2.950000 0.018862
2.960000 0.015740
2.970000 0.013079
2.980000 0.010822
2.990000 0.008916
3.000000 0.007315
3.010000 0.005976
3.020000 0.004861
3.030000 0.003937
3.040000 0.003175
3.050000 0.002549
3.060000 0.002038
3.070000 0.001622
3.080000 0.001285
3.090000 0.001014
3.100000 0.000796
3.110000 0.000623
3.120000 0.000485
3.130000 0.000376
3.140000 0.000290
3.150000 0.000222
3.160000 0.000170
3.170000 0.000129
3.180000 0.000098
3.190000 0.000074
3.200000 0.000055
3.210000 0.000041
3.220000 0.000031
3.230000 0.000023
3.240000 0.000017
3.250000 0.000012
3.260000 0.000009
3.270000 0.000006
3.280000 0.000005
3.290000 0.000003
3.300000 0.000002
3.310000 0.000002
3.320000 0.000001
3.330000 0.000001
3.340000 0.000001
3.350000 0.000000
3.360000 0.000000
3.370000 0.000000
3.380000 0.000000
3.390000 0.000000
3.400000 0.000000
3.410000 0.000000
3.420000 0.000000
3.430000 0.000000
3.440000 0.000000
3.450000 0.000000
3.460000 0.000000
3.470000 0.000000
3.480000 0.000000
3.490000 0.000000
3.500000 0.000000
3.510000 0.000000
3.520000 0.000000
3.530000 0.000000
3.540000 0.000000
3.550000 0.000000
3.560000 0.000000
3.570000 0.000000
3.580000 0.000000
3.590000 0.000000
3.600000 0.000000
3.610000 0.000000
3.620000 0.000000
3.630000 0.000000
3.640000 0.000000
3.650000 0.000000
3.660000 0.000000
3.670000 0.000000
3.680000 0.000000
3.690000 0.000000
3.700000 0.000000
3.710000 0.000000
3.720000 0.000000
3.730000 0.000000
3.740000 0.000000
3.750000 0.000000
3.760000 0.000000
3.770000 0.000000
3.780000 0.000000
3.790000 0.000000
3.800000 0.000000
3.810000 0.000000
3.820000 0.000000
3.830000 0.000000
3.840000 0.000000
3.850000 0.000000
3.860000 0.000000
3.870000 0.000000
3.880000 0.000000
3.890000 0.000000
3.900000 0.000000
3.910000 0.000000
3.920000 0.000000
3.930000 0.000000
3.940000 0.000000
3.950000 0.000000
3.960000 0.000000
3.970000 0.000000
3.980000 0.000000
3.990000 0.000000
4.000000 0.000000
4.010000 0.000000
4.020000 0.000000
4.030000 0.000000
4.040000 0.000000
4.050000 0.000000
4.060000 0.000000
4.070000 0.000000
4.080000 0.000000
4.090000 0.000000
4.100000 0.000000
4.110000 0.000000
4.120000 0.000000
4.130000 0.000000
4.140000 0.000000
4.150000 0.000000
4.160000 0.000000
4.170000 0.000000
4.180000 0.000000
4.190000 0.000000
4.200000 0.000000
4.210000 0.000000
4.220000 0.000000
4.230000 0.000000
4.240000 0.000000
4.250000 0.000000
4.260000 0.000000
4.270000 0.000000
4.280000 0.000000
4.290000 0.000000
4.300000 0.000000
4.310000 0.000000
4.320000 0.000000
4.330000 0.000000
4.340000 0.000000
4.350000 0.000000
4.360000 0.000000
4.370000 0.000000
4.380000 0.000000
4.390000 0.000000
4.400000 0.000000
4.410000 0.000000
4.420000 0.000000
4.430000 0.000000
4.440000 0.000000
4.450000 0.000000
4.460000 0.000000
4.470000 0.000000
4.480000 0.000000
4.490000 0.000000
4.500000 0.000000
4.510000 0.000000
4.520000 0.000000
4.530000 0.000000
4.540000 0.000000
4.550000 0.000000
4.560000 0.000000
4.570000 0.000000
4.580000 0.000000
4.590000 0.000000
4.600000 0.000000
4.610000 0.000000
4.620000 0.000000
4.630000 0.000000
4.640000 0.000000
4.650000 0.000000
4.660000 0.000000
4.670000 0.000000
4.680000 0.000000
4.690000 0.000000
4.700000 0.000000
4.710000 0.000000
4.720000 0.000000
4.730000 0.000000
4.740000 0.000000
4.750000 0.000000
4.760000 0.000000
4.770000 0.000000
4.780000 0.000000
4.790000 0.000000
4.800000 0.000000
4.810000 0.000000
4.820000 0.000000
4.830000 0.000000
4.840000 0.000000
4.850000 0.000000
4.860000 0.000000
4.870000 0.000000
4.880000 0.000000
4.890000 0.000000
4.900000 0.000000
4.910000 0.000000
4.920000 0.000000
4.930000 0.000000
4.940000 0.000000
4.950000 0.000000
4.960000 0.000000
4.970000 0.000000
4.980000 0.000000
4.990000 0.000000
5.000000 0.000000
5.010000 0.000000
5.020000 0.000000
5.030000 0.000000
5.040000 0.000000
5.050000 0.000000
5.060000 0.000000
5.070000 0.000000
5.080000 0.000000
5.090000 0.000000
5.100000 0.000000
5.110000 0.000000
5.120000 0.000000
5.130000 0.000000
5.140000 0.000000
5.150000 0.000000
5.160000 0.000000
5.170000 0.000000
5.180000 0.000000
5.190000 0.000000
5.200000 0.000000
5.210000 0.000000
5.220000 0.000000
5.230000 0.000000
5.240000 0.000000
5.250000 0.000000
5.260000 0.000000
5.270000 0.000000
5.280000 0.000000
5.290000 0.000000
5.300000 0.000000
5.310000 0.000000
5.320000 0.000000
5.330000 0.000000
5.340000 0.000000
5.350000 0.000000
5.360000 0.000000
5.370000 0.000000
5.380000 0.000000
5.390000 0.000000
5.400000 0.000000
5.410000 0.000000
5.420000 0.000000
5.430000 0.000000
5.440000 0.000000
5.450000 0.000000
5.460000 0.000000
5.470000 0.000000
5.480000 0.000000
5.490000 0.000000
5.500000 0.000000
5.510000 0.000000
5.520000 0.000000
5.530000 0.000000
5.540000 0.000000
5.550000 0.000000
5.560000 0.000000
5.570000 0.000000
5.580000 0.000000
5.590000 0.000000
5.600000 0.000000
5.610000 0.000000
5.620000 0.000000
5.630000 0.000000
5.640000 0.000000
5.650000 0.000000
5.660000 0.000000
5.670000 0.000000
5.680000 0.000000
5.690000 0.000000
5.700000 0.000000
5.710000 0.000000
5.720000 0.000000
5.730000 0.000000
5.740000 0.000000
5.750000 0.000000
5.760000 0.000000
5.770000 0.000000
5.780000 0.000000
5.790000 0.000000
5.800000 0.000000
5.810000 0.000000
5.820000 0.000000
5.830000 0.000000
5.840000 0.000000
5.850000 0.000000
5.860000 0.000000
5.870000 0.000000
5.880000 0.000000
5.890000 0.000000
5.900000 0.000000
5.910000 0.000000
5.920000 0.000000
5.930000 0.000000
5.940000 0.000000
5.950000 0.000000
5.960000 0.000000
5.970000 0.000000
5.980000 0.000000
5.990000 0.000000
6.000000 0.000000
6.010000 0.000000
6.020000 0.000000
6.030000 0.000000
6.040000 0.000000
6.050000 0.000000
6.060000 0.000000
6.070000 0.000000
6.080000 0.000000
6.090000 0.000000
6.100000 0.000000
6.110000 0.000000
6.120000 0.000000
6.130000 0.000000
6.140000 0.000000
6.150000 0.000000
6.160000 0.000000
6.170000 0.000000
6.180000 0.000000
6.190000 0.000000
6.200000 0.000000
6.210000 0.000000
6.220000 0.000000
6.230000 0.000000
6.240000 0.000000
6.250000 0.000000
6.260000 0.000000
6.270000 0.000000
6.280000 0.000000
6.290000 0.000000
6.300000 0.000000
6.310000 0.000000
6.320000 0.000000
6.330000 0.000000
6.340000 0.000000
6.350000 0.000000
6.360000 0.000000
6.370000 0.000000
6.380000 0.000000
6.390000 0.000000
6.400000 0.000000
6.410000 0.000000
6.420000 0.000000
6.430000 0.000000
6.440000 0.000000
6.450000 0.000000
6.460000 0.000000
6.470000 0.000000
6.480000 0.000000
6.490000 0.000000
6.500000 0.000000
6.510000 0.000000
6.520000 0.000000
6.530000 0.000000
6.540000 0.000000
6.550000 0.000000
6.560000 0.000000
6.570000 0.000000
6.580000 0.000000
6.590000 0.000000
6.600000 0.000000
6.610000 0.000000
6.620000 0.000000
6.630000 0.000000
6.640000 0.000000
6.650000 0.000000
6.660000 0.000001
6.670000 0.000001
6.680000 0.000001
6.690000 0.000002
6.700000 0.000002
6.710000 0.000003
6.720000 0.000005
6.730000 0.000006
6.740000 0.000009
6.750000 0.000012
6.760000 0.000017
6.770000 0.000023
6.780000 0.000031
6.790000 0.000041
6.800000 0.000055
6.810000 0.000074
6.820000 0.000098
6.830000 0.000129
6.840000 0.000170
6.850000 0.000222
6.860000 0.000290
6.870000 0.000376
6.880000 0.000485
6.890000 0.000623
6.900000 0.000796
6.910000 0.001014
6.920000 0.001285
6.930000 0.001622
6.940000 0.002038
6.950000 0.002549
6.960000 0.003175
6.970000 0.003937
6.980000 0.004861
6.990000 0.005976
7.000000 0.007315
7.010000 0.008916
7.020000 0.010822
7.030000 0.013079
7.040000 0.015740
7.050000 0.018863
7.060000 0.022510
7.070000 0.026752
7.080000 0.031660
7.090000 0.037313
7.100000 0.043794
7.110000 0.051190
7.120000 0.059589
7.130000 0.069082
7.140000 0.079762
7.150000 0.091718
7.160000 0.105038
7.170000 0.119807
7.180000 0.136100
7.190000 0.153989
7.200000 0.173529
7.210000 0.194768
7.220000 0.217731
7.230000 0.242434
7.240000 0.268866
7.250000 0.296998
7.260000 0.326774
7.270000 0.358115
7.280000 0.390915
7.290000 0.425038
7.300000 0.460326
7.310000 0.496586
7.320000 0.533605
7.330000 0.571140
7.340000 0.608930
7.350000 0.646685
7.360000 0.684108
7.370000 0.720878
7.380000 0.756673
7.390000 0.791160
7.400000 0.824011
7.410000 0.854897
7.420000 0.883507
7.430000 0.909538
7.440000 0.932714
7.450000 0.952782
7.460000 0.969520
7.470000 0.982739
7.480000 0.992292
7.490000 0.998067
7.500000 1.000000
7.510000 0.998067
7.520000 0.992292
7.530000 0.982739
7.540000 0.969520
7.550000 0.952782
7.560000 0.932714
7.570000 0.909538
7.580000 0.883507
7.590000 0.854897
7.600000 0.824011
7.610000 0.791160
7.620000 0.756673
7.630000 0.720878
7.640000 0.684108
7.650000 0.646685
7.660000 0.608930
7.670000 0.571140
7.680000 0.533605
7.690000 0.496586
7.700000 0.460326
7.710000 0.425038
7.720000 0.390915
7.730000 0.358115
7.740000 0.326774
7.750000 0.296998
7.760000 0.268866
7.770000 0.242434
7.780000 0.217731
7.790000 0.194768
7.800000 0.173529
7.810000 0.153989
7.820000 0.136100
7.830000 0.119807
7.840000 0.105038
7.850000 0.091718
7.860000 0.079762
7.870000 0.069082
7.880000 0.059589
7.890000 0.051190
7.900000 0.043794
7.910000 0.037313
7.920000 0.031660
7.930000 0.026752
7.940000 0.022510
7.950000 0.018863
7.960000 0.015740
7.970000 0.013079
7.980000 0.010822
7.990000 0.008916
8.000000 0.007315
8.010000 0.005976
8.020000 0.004861
8.030000 0.003937
8.040000 0.003175
8.050000 0.002549
8.060000 0.002038
8.070000 0.001622
8.080000 0.001285
8.090000 0.001014
8.100000 0.000796
8.110000 0.000623
8.120000 0.000485
8.130000 0.000376
8.140000 0.000290
8.150000 0.000222
8.160000 0.000170
8.170000 0.000129
8.180000 0.000098
8.190000 0.000074
8.200000 0.000055
8.210000 0.000041
8.220000 0.000031
8.230000 0.000023
8.240000 0.000017
8.250000 0.000012
8.260000 0.000009
8.270000 0.000006
8.280000 0.000005
8.290000 0.000003
8.300000 0.000002
8.310000 0.000002
8.320000 0.000001
8.330000 0.000001
8.340000 0.000001
8.350000 0.000000
8.360000 0.000000
8.370000 0.000000
8.380000 0.000000
8.390000 0.000000
8.400000 0.000000
8.410000 0.000000
8.420000 0.000000
8.430000 0.000000
8.440000 0.000000
8.450000 0.000000
8.460000 0.000000
8.470000 0.000000
8.480000 0.000000
8.490000 0.000000
8.500000 0.000000
8.510000 0.000000
8.520000 0.000000
8.530000 0.000000
8.540000 0.000000
8.550000 0.000000
8.560000 0.000000
8.570000 0.000000
8.580000 0.000000
8.590000 0.000000
8.600000 0.000000
8.610000 0.000000
8.620000 0.000000
8.630000 0.000000
8.640000 0.000000
8.650000 0.000000
8.660000 0.000000
8.670000 0.000000
8.680000 0.000000
8.690000 0.000000
8.700000 0.000000
8.710000 0.000000
8.720000 0.000000
8.730000 0.000000
8.740000 0.000000
8.750000 0.000000
8.760000 0.000000
8.770000 0.000000
8.780000 0.000000
8.790000 0.000000
8.800000 0.000000
8.810000 0.000000
8.820000 0.000000
8.830000 0.000000
8.840000 0.000000
8.850000 0.000000
8.860000 0.000000
8.870000 0.000000
8.880000 0.000000
8.890000 0.000000
8.900000 0.000000
8.910000 0.000000
8.920000 0.000000
8.930000 0.000000
8.940000 0.000000
8.950000 0.000000
8.960000 0.000000
8.970000 0.000000
8.980000 0.000000
8.990000 0.000000
9.000000 0.000000
9.010000 0.000000
9.020000 0.000000
9.030000 0.000000
9.040000 0.000000
9.050000 0.000000
9.060000 0.000000
9.070000 0.000000
9.080000 0.000000
9.090000 0.000000
9.100000 0.000000
9.110000 0.000000
9.120000 0.000000
9.130000 0.000000
9.140000 0.000000
9.150000 0.000000
9.160000 0.000000
9.170000 0.000000
9.180000 0.000000
9.190000 0.000000
9.200000 0.000000
9.210000 0.000000
9.220000 0.000000
9.230000 0.000000
9.240000 0.000000
9.250000 0.000000
9.260000 0.000000
9.270000 0.000000
9.280000 0.000000
9.290000 0.000000
9.300000 0.000000
9.310000 0.000000
9.320000 0.000000
9.330000 0.000000
9.340000 0.000000
9.350000 0.000000
9.360000 0.000000
9.370000 0.000000
9.380000 0.000000
9.390000 0.000000
9.400000 0.000000
9.410000 0.000000
9.420000 0.000000
9.430000 0.000000
9.440000 0.000000
9.450000 0.000000
9.460000 0.000000
9.470000 0.000000
9.480000 0.000000
9.490000 0.000000
9.500000 0.000000
9.510000 0.000000
9.520000 0.000000
9.530000 0.000000
9.540000 0.000000
9.550000 0.000000
9.560000 0.000000
9.570000 0.000000
9.580000 0.000000
9.590000 0.000000
9.600000 0.000000
9.610000 0.000000
9.620000 0.000000
9.630000 0.000000
9.640000 0.000000
9.650000 0.000000
9.660000 0.000000
9.670000 0.000000
9.680000 0.000000
9.690000 0.000000
9.700000 0.000000
9.710000 0.000000
9.720000 0.000000
9.730000 0.000000
9.740000 0.000000
9.750000 0.000000
9.760000 0.000000
9.770000 0.000000
9.780000 0.000000
9.790000 0.000000
9.800000 0.000000
9.810000 0.000000
9.820000 0.000000
9.830000 0.000000
9.840000 0.000000
9.850000 0.000000
9.860000 0.000000
9.870000 0.000000
9.880000 0.000000
9.890000 0.000000
9.900000 0.000000
9.910000 0.000000
9.920000 0.000000
9.930000 0.000000
9.940000 0.000000
9.950000 0.000000
9.960000 0.000000
9.970000 0.000000
9.980000 0.000000
9.990000 0.000000
10.000000 0.000000
