0.000000 0.000000
0.010000 0.000000
0.020000 0.000000
0.030000 0.000000
0.040000 0.000000
0.050000 0.000000
0.060000 0.000000
0.070000 0.000000
0.080000 0.000000
0.090000 0.000000
0.100000 0.000000
0.110000 0.000000
0.120000 0.000000
0.130000 0.000000
0.140000 0.000000
0.150000 0.000000
0.160000 0.000000
0.170000 0.000000
0.180000 0.000000
0.190000 0.000000
0.200000 0.000000
0.210000 0.000000
0.220000 0.000000
0.230000 0.000000
0.240000 0.000000
0.250000 0.000000
0.260000 0.000000
0.270000 0.000000
0.280000 0.000000
0.290000 0.000000
0.300000 0.000000
0.310000 0.000000
0.320000 0.000000
0.330000 0.000000
0.340000 0.000000
0.350000 0.000000
0.360000 0.000000
0.370000 0.000000
0.380000 0.000000
0.390000 0.000000
0.400000 0.000000
0.410000 0.000000
0.420000 0.000000
0.430000 0.000000
0.440000 0.000001
0.450000 0.000001
0.460000 0.000001
0.470000 0.000001
0.480000 0.000002
0.490000 0.000002
0.500000 0.000002
0.510000 0.000003
0.520000 0.000004
0.530000 0.000005
0.540000 0.000006
0.550000 0.000007
0.560000 0.000008
0.570000 0.000010
0.580000 0.000012
0.590000 0.000014
0.600000 0.000017
0.610000 0.000020
0.620000 0.000024
0.630000 0.000028
0.640000 0.000033
0.650000 0.000039
0.660000 0.000045
0.670000 0.000053
0.680000 0.000062
0.690000 0.000072
0.700000 0.000083
0.710000 0.000096
0.720000 0.000111
0.730000 0.000128
0.740000 0.000147
0.750000 0.000169
0.760000 0.000193
0.770000 0.000221
0.780000 0.000251
0.790000 0.000286
0.800000 0.000324
0.810000 0.000368
0.820000 0.000416
0.830000 0.000469
0.840000 0.000529
0.850000 0.000595
0.860000 0.000668
0.870000 0.000749
0.880000 0.000838
0.890000 0.000937
0.900000 0.001045
0.910000 0.001165
0.920000 0.001296
0.930000 0.001440
0.940000 0.001597
0.950000 0.001769
0.960000 0.001957
0.970000 0.002163
0.980000 0.002386
0.990000 0.002629
1.000000 0.002893
1.010000 0.003180
1.020000 0.003491
1.030000 0.003828
1.040000 0.004192
1.050000 0.004585
1.060000 0.005009
1.070000 0.005467
1.080000 0.005959
1.090000 0.006489
1.100000 0.007059
1.110000 0.007669
1.120000 0.008325
1.130000 0.009026
1.140000 0.009777
1.150000 0.010580
1.160000 0.011437
1.170000 0.012351
1.180000 0.013326
1.190000 0.014364
1.200000 0.015468
1.210000 0.016642
1.220000 0.017888
1.230000 0.019211
1.240000 0.020612
1.250000 0.022097
1.260000 0.023668
1.270000 0.025329
1.280000 0.027084
1.290000 0.028936
1.300000 0.030889
1.310000 0.032946
1.320000 0.035113
1.330000 0.037392
1.340000 0.039788
1.350000 0.042304
1.360000 0.044945
1.370000 0.047714
1.380000 0.050615
1.390000 0.053653
1.400000 0.056830
1.410000 0.060153
1.420000 0.063623
1.430000 0.067245
1.440000 0.071023
1.450000 0.074961
1.460000 0.079062
1.470000 0.083330
1.480000 0.087768
1.490000 0.092381
1.500000 0.097170
1.510000 0.102141
1.520000 0.107294
1.530000 0.112635
1.540000 0.118165
1.550000 0.123887
1.560000 0.129804
1.570000 0.135918
1.580000 0.142231
1.590000 0.148745
1.600000 0.155461
1.610000 0.162383
1.620000 0.169510
1.630000 0.176843
1.640000 0.184384
1.650000 0.192133
1.660000 0.200091
1.670000 0.208257
1.680000 0.216631
1.690000 0.225213
1.700000 0.234001
1.710000 0.242995
1.720000 0.252192
1.730000 0.261592
1.740000 0.271192
1.750000 0.280989
1.760000 0.290981
1.770000 0.301165
1.780000 0.311537
1.790000 0.322093
1.800000 0.332829
1.810000 0.343741
1.820000 0.354823
1.830000 0.366070
1.840000 0.377477
1.850000 0.389038
1.860000 0.400747
1.870000 0.412596
1.880000 0.424578
1.890000 0.436687
1.900000 0.448915
1.910000 0.461253
1.920000 0.473694
1.930000 0.486228
1.940000 0.498847
1.950000 0.511541
1.960000 0.524301
1.970000 0.537117
1.980000 0.549978
1.990000 0.562875
2.000000 0.575797
2.010000 0.588733
2.020000 0.601671
2.030000 0.614602
2.040000 0.627512
2.050000 0.640390
2.060000 0.653226
2.070000 0.666005
2.080000 0.678718
2.090000 0.691351
2.100000 0.703892
2.110000 0.716329
2.120000 0.728649
2.130000 0.740841
2.140000 0.752891
2.150000 0.764787
2.160000 0.776517
2.170000 0.788069
2.180000 0.799430
2.190000 0.810587
2.200000 0.821530
2.210000 0.832246
2.220000 0.842723
2.230000 0.852950
2.240000 0.862916
2.250000 0.872608
2.260000 0.882016
2.270000 0.891130
2.280000 0.899939
2.290000 0.908433
2.300000 0.916602
2.310000 0.924436
2.320000 0.931927
2.330000 0.939065
2.340000 0.945842
2.350000 0.952251
2.360000 0.958282
2.370000 0.963930
2.380000 0.969188
2.390000 0.974049
2.400000 0.978507
2.410000 0.982557
2.420000 0.986194
2.430000 0.989414
2.440000 0.992212
2.450000 0.994586
2.460000 0.996532
2.470000 0.998048
2.480000 0.999132
2.490000 0.999783
2.500000 1.000000
2.510000 0.999783
2.520000 0.999132
2.530000 0.998048
2.540000 0.996532
2.550000 0.994586
2.560000 0.992212
2.570000 0.989414
2.580000 0.986194
2.590000 0.982557
2.600000 0.978507
2.610000 0.974049
2.620000 0.969188
2.630000 0.963930
2.640000 0.958282
2.650000 0.952251
2.660000 0.945842
2.670000 0.939065
2.680000 0.931927
2.690000 0.924436
2.700000 0.916602
2.710000 0.908433
2.720000 0.899939
2.730000 0.891130
2.740000 0.882016
2.750000 0.872608
2.760000 0.862916
2.770000 0.852950
2.780000 0.842723
2.790000 0.832246
2.800000 0.821530
2.810000 0.810587
2.820000 0.799430
2.830000 0.788069
2.840000 0.776517
2.850000 0.764787
2.860000 0.752891
2.870000 0.740841
2.880000 0.728649
2.890000 0.716329
2.900000 0.703892
2.910000 0.691351
2.920000 0.678718
2.930000 0.666005
2.940000 0.653226
2.950000 0.640390
2.960000 0.627512
2.970000 0.614602
2.980000 0.601671
2.990000 0.588733
3.000000 0.575797
3.010000 0.562875
3.020000 0.549978
3.030000 0.537117
3.040000 0.524301
3.050000 0.511541
3.060000 0.498847
3.070000 0.486228
3.080000 0.473694
3.090000 0.461253
3.100000 0.448915
3.110000 0.436687
3.120000 0.424578
3.130000 0.412595
3.140000 0.400746
3.150000 0.389038
3.160000 0.377477
3.170000 0.366070
3.180000 0.354823
3.190000 0.343741
3.200000 0.332829
3.210000 0.322093
3.220000 0.311537
3.230000 0.301165
3.240000 0.290981
3.250000 0.280989
3.260000 0.271192
3.270000 0.261592
3.280000 0.252192
3.290000 0.242995
3.300000 0.234001
3.310000 0.225213
3.320000 0.216631
3.330000 0.208257
3.340000 0.200091
3.350000 0.192134
3.360000 0.184384
3.370000 0.176843
3.380000 0.169509
3.390000 0.162383
3.400000 0.155461
3.410000 0.148745
3.420000 0.142231
3.430000 0.135918
3.440000 0.129804
3.450000 0.123887
3.460000 0.118165
3.470000 0.112635
3.480000 0.107294
3.490000 0.102141
3.500000 0.097170
3.510000 0.092381
3.520000 0.087768
3.530000 0.083330
3.540000 0.079062
3.550000 0.074961
3.560000 0.071023
3.570000 0.067245
3.580000 0.063623
3.590000 0.060153
3.600000 0.056830
3.610000 0.053653
3.620000 0.050615
3.630000 0.047714
3.640000 0.044945
3.650000 0.042304
3.660000 0.039788
3.670000 0.037392
3.680000 0.035113
3.690000 0.032946
3.700000 0.030889
3.710000 0.028936
3.720000 0.027084
3.730000 0.025329
3.740000 0.023668
3.750000 0.022097
3.760000 0.020612
3.770000 0.019211
3.780000 0.017888
3.790000 0.016642
3.800000 0.015468
3.810000 0.014364
3.820000 0.013326
3.830000 0.012351
3.840000 0.011437
3.850000 0.010580
3.860000 0.009777
3.870000 0.009026
3.880000 0.008325
3.890000 0.007669
3.900000 0.007058
3.910000 0.006489
3.920000 0.005959
3.930000 0.005467
3.940000 0.005009
3.950000 0.004585
3.960000 0.004192
3.970000 0.003828
3.980000 0.003491
3.990000 0.003180
4.000000 0.002893
4.010000 0.002629
4.020000 0.002386
4.030000 0.002163
4.040000 0.001957
4.050000 0.001769
4.060000 0.001597
4.070000 0.001440
4.080000 0.001296
4.090000 0.001165
4.100000 0.001045
4.110000 0.000937
4.120000 0.000838
4.130000 0.000749
4.140000 0.000668
4.150000 0.000595
4.160000 0.000529
4.170000 0.000469
4.180000 0.000416
4.190000 0.000368
4.200000 0.000324
4.210000 0.000286
4.220000 0.000251
4.230000 0.000221
4.240000 0.000193
4.250000 0.000169
4.260000 0.000147
4.270000 0.000128
4.280000 0.000111
4.290000 0.000096
4.300000 0.000083
4.310000 0.000072
4.320000 0.000062
4.330000 0.000053
4.340000 0.000045
4.350000 0.000039
4.360000 0.000033
4.370000 0.000028
4.380000 0.000024
4.390000 0.000020
4.400000 0.000017
4.410000 0.000014
4.420000 0.000012
4.430000 0.000010
4.440000 0.000008
4.450000 0.000007
4.460000 0.000006
4.470000 0.000005
4.480000 0.000004
4.490000 0.000003
4.500000 0.000002
4.510000 0.000002
4.520000 0.000002
4.530000 0.000001
4.540000 0.000001
4.550000 0.000001
4.560000 0.000001
4.570000 0.000000
4.580000 0.000000
4.590000 0.000000
4.600000 0.000000
4.610000 0.000000
4.620000 0.000000
4.630000 0.000000
4.640000 0.000000
4.650000 0.000000
4.660000 0.000000
4.670000 0.000000
4.680000 0.000000
4.690000 0.000000
4.700000 0.000000
4.710000 0.000000
4.720000 0.000000
4.730000 0.000000
4.740000 0.000000
4.750000 0.000000
4.760000 0.000000
4.770000 0.000000
4.780000 0.000000
4.790000 0.000000
4.800000 0.000000
4.810000 0.000000
4.820000 0.000000
4.830000 0.000000
4.840000 0.000000
4.850000 0.000000
4.860000 0.000000
4.870000 0.000000
4.880000 0.000000
4.890000 0.000000
4.900000 0.000000
4.910000 0.000000
4.920000 0.000000
4.930000 0.000000
4.940000 0.000000
4.950000 0.000000
4.960000 0.000000
4.970000 0.000000
4.980000 0.000000
4.990000 0.000000
5.000000 0.000000
5.010000 -0.000000
5.020000 -0.000000
5.030000 -0.000000
5.040000 -0.000000
5.050000 -0.000000
5.060000 -0.000000
5.070000 -0.000000
5.080000 -0.000000
5.090000 -0.000000
5.100000 -0.000000
5.110000 -0.000000
5.120000 -0.000000
5.130000 -0.000000
5.140000 -0.000000
5.150000 -0.000000
5.160000 -0.000000
5.170000 -0.000000
5.180000 -0.000000
5.190000 -0.000000
5.200000 -0.000000
5.210000 -0.000000
5.220000 -0.000000
5.230000 -0.000000
5.240000 -0.000000
5.250000 -0.000000
5.260000 -0.000000
5.270000 -0.000000
5.280000 -0.000000
5.290000 -0.000000
5.300000 -0.000000
5.310000 -0.000000
5.320000 -0.000000
5.330000 -0.000000
5.340000 -0.000000
5.350000 -0.000000
5.360000 -0.000000
5.370000 -0.000000
5.380000 -0.000000
5.390000 -0.000000
5.400000 -0.000000
5.410000 -0.000000
5.420000 -0.000000
5.430000 -0.000000
5.440000 -0.000001
5.450000 -0.000001
5.460000 -0.000001
5.470000 -0.000001
5.480000 -0.000002
5.490000 -0.000002
5.500000 -0.000002
5.510000 -0.000003
5.520000 -0.000004
5.530000 -0.000005
5.540000 -0.000006
5.550000 -0.000007
5.560000 -0.000008
5.570000 -0.000010
5.580000 -0.000012
5.590000 -0.000014
5.600000 -0.000017
5.610000 -0.000020
5.620000 -0.000024
5.630000 -0.000028
5.640000 -0.000033
5.650000 -0.000039
5.660000 -0.000045
5.670000 -0.000053
5.680000 -0.000062
5.690000 -0.000072
5.700000 -0.000083
5.710000 -0.000096
5.720000 -0.000111
5.730000 -0.000128
5.740000 -0.000147
5.750000 -0.000169
5.760000 -0.000193
5.770000 -0.000221
5.780000 -0.000251
5.790000 -0.000286
5.800000 -0.000324
5.810000 -0.000368
5.820000 -0.000416
5.830000 -0.000469
5.840000 -0.000529
5.850000 -0.000595
5.860000 -0.000668
5.870000 -0.000749
5.880000 -0.000838
5.890000 -0.000937
5.900000 -0.001045
5.910000 -0.001165
5.920000 -0.001296
5.930000 -0.001440
5.940000 -0.001597
5.950000 -0.001769
5.960000 -0.001957
5.970000 -0.002163
5.980000 -0.002386
5.990000 -0.002629
6.000000 -0.002893
6.010000 -0.003180
6.020000 -0.003491
6.030000 -0.003828
6.040000 -0.004192
6.050000 -0.004585
6.060000 -0.005009
6.070000 -0.005467
6.080000 -0.005959
6.090000 -0.006489
6.100000 -0.007058
6.110000 -0.007669
6.120000 -0.008325
6.130000 -0.009026
6.140000 -0.009777
6.150000 -0.010580
6.160000 -0.011437
6.170000 -0.012351
6.180000 -0.013326
6.190000 -0.014364
6.200000 -0.015468
6.210000 -0.016642
6.220000 -0.017888
6.230000 -0.019211
6.240000 -0.020612
6.250000 -0.022097
6.260000 -0.023668
6.270000 -0.025329
6.280000 -0.027084
6.290000 -0.028936
6.300000 -0.030889
6.310000 -0.032946
6.320000 -0.035113
6.330000 -0.037392
6.340000 -0.039788
6.350000 -0.042304
6.360000 -0.044945
6.370000 -0.047714
6.380000 -0.050615
6.390000 -0.053652
6.400000 -0.056830
6.410000 -0.060153
6.420000 -0.063623
6.430000 -0.067245
6.440000 -0.071023
6.450000 -0.074961
6.460000 -0.079062
6.470000 -0.083330
6.480000 -0.087768
6.490000 -0.092381
6.500000 -0.097170
6.510000 -0.102141
6.520000 -0.107294
6.530000 -0.112635
6.540000 -0.118165
6.550000 -0.123887
6.560000 -0.129804
6.570000 -0.135918
6.580000 -0.142231
6.590000 -0.148745
6.600000 -0.155461
6.610000 -0.162383
6.620000 -0.169509
6.630000 -0.176843
6.640000 -0.184384
6.650000 -0.192134
6.660000 -0.200091
6.670000 -0.208257
6.680000 -0.216631
6.690000 -0.225213
6.700000 -0.234001
6.710000 -0.242995
6.720000 -0.252192
6.730000 -0.261592
6.740000 -0.271192
6.750000 -0.280989
6.760000 -0.290982
6.770000 -0.301165
6.780000 -0.311537
6.790000 -0.322093
6.800000 -0.332829
6.810000 -0.343741
6.820000 -0.354823
6.830000 -0.366070
6.840000 -0.377478
6.850000 -0.389038
6.860000 -0.400747
6.870000 -0.412595
6.880000 -0.424578
6.890000 -0.436687
6.900000 -0.448915
6.910000 -0.461253
6.920000 -0.473694
6.930000 -0.486228
6.940000 -0.498847
6.950000 -0.511541
6.960000 -0.524301
6.970000 -0.537117
6.980000 -0.549978
6.990000 -0.562875
7.000000 -0.575797
7.010000 -0.588733
7.020000 -0.601671
7.030000 -0.614602
7.040000 -0.627512
7.050000 -0.640391
7.060000 -0.653226
7.070000 -0.666006
7.080000 -0.678718
7.090000 -0.691351
7.100000 -0.703892
7.110000 -0.716329
7.120000 -0.728649
7.130000 -0.740841
7.140000 -0.752891
7.150000 -0.764787
7.160000 -0.776517
7.170000 -0.788069
7.180000 -0.799429
7.190000 -0.810587
7.200000 -0.821530
7.210000 -0.832246
7.220000 -0.842723
7.230000 -0.852950
7.240000 -0.862915
7.250000 -0.872608
7.260000 -0.882017
7.270000 -0.891130
7.280000 -0.899939
7.290000 -0.908433
7.300000 -0.916602
7.310000 -0.924436
7.320000 -0.931927
7.330000 -0.939065
7.340000 -0.945842
7.350000 -0.952251
7.360000 -0.958283
7.370000 -0.963930
7.380000 -0.969188
7.390000 -0.974049
7.400000 -0.978507
7.410000 -0.982557
7.420000 -0.986194
7.430000 -0.989413
7.440000 -0.992212
7.450000 -0.994586
7.460000 -0.996532
7.470000 -0.998048
7.480000 -0.999132
7.490000 -0.999783
7.500000 -1.000000
7.510000 -0.999783
7.520000 -0.999132
7.530000 -0.998048
7.540000 -0.996532
7.550000 -0.994586
7.560000 -0.992212
7.570000 -0.989413
7.580000 -0.986194
7.590000 -0.982557
7.600000 -0.978507
7.610000 -0.974049
7.620000 -0.969188
7.630000 -0.963930
7.640000 -0.958283
7.650000 -0.952251
7.660000 -0.945842
7.670000 -0.939065
7.680000 -0.931927
7.690000 -0.924436
7.700000 -0.916602
7.710000 -0.908433
7.720000 -0.899939
7.730000 -0.891130
7.740000 -0.882017
7.750000 -0.872608
7.760000 -0.862915
7.770000 -0.852950
7.780000 -0.842723
7.790000 -0.832246
7.800000 -0.821530
7.810000 -0.810587
7.820000 -0.799429
7.830000 -0.788069
7.840000 -0.776517
7.850000 -0.764787
7.860000 -0.752891
7.870000 -0.740841
7.880000 -0.728649
7.890000 -0.716329
7.900000 -0.703892
7.910000 -0.691351
7.920000 -0.678718
7.930000 -0.666006
7.940000 -0.653226
7.950000 -0.640391
7.960000 -0.627512
7.970000 -0.614602
7.980000 -0.601671
7.990000 -0.588733
8.000000 -0.575797
8.010000 -0.562875
8.020000 -0.549978
8.030000 -0.537117
8.040000 -0.524301
8.050000 -0.511541
8.060000 -0.498846
8.070000 -0.486228
8.080000 -0.473694
8.090000 -0.461253
8.100000 -0.448915
8.110000 -0.436688
8.120000 -0.424578
8.130000 -0.412595
8.140000 -0.400746
8.150000 -0.389039
8.160000 -0.377478
8.170000 -0.366070
8.180000 -0.354823
8.190000 -0.343741
8.200000 -0.332829
8.210000 -0.322093
8.220000 -0.311537
8.230000 -0.301166
8.240000 -0.290982
8.250000 -0.280989
8.260000 -0.271192
8.270000 -0.261592
8.280000 -0.252192
8.290000 -0.242995
8.300000 -0.234001
8.310000 -0.225212
8.320000 -0.216631
8.330000 -0.208257
8.340000 -0.200091
8.350000 -0.192133
8.360000 -0.184385
8.370000 -0.176843
8.380000 -0.169509
8.390000 -0.162382
8.400000 -0.155462
8.410000 -0.148745
8.420000 -0.142231
8.430000 -0.135917
8.440000 -0.129804
8.450000 -0.123887
8.460000 -0.118165
8.470000 -0.112635
8.480000 -0.107295
8.490000 -0.102141
8.500000 -0.097170
8.510000 -0.092381
8.520000 -0.087768
8.530000 -0.083330
8.540000 -0.079062
8.550000 -0.074961
8.560000 -0.071023
8.570000 -0.067245
8.580000 -0.063623
8.590000 -0.060153
8.600000 -0.056830
8.610000 -0.053653
8.620000 -0.050615
8.630000 -0.047714
8.640000 -0.044944
8.650000 -0.042304
8.660000 -0.039788
8.670000 -0.037392
8.680000 -0.035113
8.690000 -0.032946
8.700000 -0.030889
8.710000 -0.028936
8.720000 -0.027084
8.730000 -0.025329
8.740000 -0.023668
8.750000 -0.022097
8.760000 -0.020612
8.770000 -0.019211
8.780000 -0.017888
8.790000 -0.016642
8.800000 -0.015468
8.810000 -0.014364
8.820000 -0.013326
8.830000 -0.012351
8.840000 -0.011437
8.850000 -0.010580
8.860000 -0.009777
8.870000 -0.009026
8.880000 -0.008325
8.890000 -0.007669
8.900000 -0.007059
8.910000 -0.006489
8.920000 -0.005959
8.930000 -0.005467
8.940000 -0.005009
8.950000 -0.004585
8.960000 -0.004192
8.970000 -0.003828
8.980000 -0.003491
8.990000 -0.003180
9.000000 -0.002893
9.010000 -0.002629
9.020000 -0.002386
9.030000 -0.002163
9.040000 -0.001957
9.050000 -0.001769
9.060000 -0.001597
9.070000 -0.001440
9.080000 -0.001296
9.090000 -0.001165
9.100000 -0.001045
9.110000 -0.000937
9.120000 -0.000838
9.130000 -0.000749
9.140000 -0.000668
9.150000 -0.000595
9.160000 -0.000529
9.170000 -0.000469
9.180000 -0.000416
9.190000 -0.000368
9.200000 -0.000324
9.210000 -0.000286
9.220000 -0.000251
9.230000 -0.000221
9.240000 -0.000193
9.250000 -0.000169
9.260000 -0.000147
9.270000 -0.000128
9.280000 -0.000111
9.290000 -0.000096
9.300000 -0.000083
9.310000 -0.000072
9.320000 -0.000062
9.330000 -0.000053
9.340000 -0.000045
9.350000 -0.000039
9.360000 -0.000033
9.370000 -0.000028
9.380000 -0.000024
9.390000 -0.000020
9.400000 -0.000017
9.410000 -0.000014
9.420000 -0.000012
9.430000 -0.000010
9.440000 -0.000008
9.450000 -0.000007
9.460000 -0.000006
9.470000 -0.000005
9.480000 -0.000004
9.490000 -0.000003
9.500000 -0.000002
9.510000 -0.000002
9.520000 -0.000002
9.530000 -0.000001
9.540000 -0.000001
9.550000 -0.000001
9.560000 -0.000001
9.570000 -0.000000
9.580000 -0.000000
9.590000 -0.000000
9.600000 -0.000000
9.610000 -0.000000
9.620000 -0.000000
9.630000 -0.000000
9.640000 -0.000000
9.650000 -0.000000
9.660000 -0.000000
9.670000 -0.000000
9.680000 -0.000000
9.690000 -0.000000
9.700000 -0.000000
9.710000 -0.000000
9.720000 -0.000000
9.730000 -0.000000
9.740000 -0.000000
9.750000 -0.000000
9.760000 -0.000000
9.770000 -0.000000
9.780000 -0.000000
9.790000 -0.000000
9.800000 -0.000000
9.810000 -0.000000
9.820000 -0.000000
9.830000 -0.000000
9.840000 -0.000000
9.850000 -0.000000
9.860000 -0.000000
9.870000 -0.000000
9.880000 -0.000000
9.890000 -0.000000
9.900000 -0.000000
9.910000 -0.000000
9.920000 -0.000000
9.930000 -0.000000
9.940000 -0.000000
9.950000 -0.000000
9.960000 -0.000000
9.970000 -0.000000
9.980000 -0.000000
9.990000 -0.000000
10.000000 -0.000000
