0.000000 0.000000
0.010000 0.000000
0.020000 0.000000
0.030000 0.000000
0.040000 0.000000
0.050000 0.000000
0.060000 0.000000
0.070000 0.000000
0.080000 0.000000
0.090000 0.000000
0.100000 0.000000
0.110000 0.000000
0.120000 0.000000
0.130000 0.000000
0.140000 0.000000
0.150000 0.000000
0.160000 0.000000
0.170000 0.000000
0.180000 0.000000
0.190000 0.000000
0.200000 0.000000
0.210000 0.000000
0.220000 0.000000
0.230000 0.000000
0.240000 0.000000
0.250000 0.000000
0.260000 0.000000
0.270000 0.000000
0.280000 0.000000
0.290000 0.000000
0.300000 0.000000
0.310000 0.000000
0.320000 0.000000
0.330000 0.000000
0.340000 0.000000
0.350000 0.000000
0.360000 0.000000
0.370000 0.000000
0.380000 0.000000
0.390000 0.000000
0.400000 0.000000
0.410000 0.000000
0.420000 0.000000
0.430000 0.000000
0.440000 0.000000
0.450000 0.000000
0.460000 0.000000
0.470000 0.000000
0.480000 0.000000
0.490000 0.000000
0.500000 0.000000
0.510000 0.000000
0.520000 0.000000
0.530000 0.000000
0.540000 0.000000
0.550000 0.000000
0.560000 0.000000
0.570000 0.000000
0.580000 0.000000
0.590000 0.000000
0.600000 0.000000
0.610000 0.000000
0.620000 0.000000
0.630000 0.000000
0.640000 0.000000
0.650000 0.000000
0.660000 0.000000
0.670000 0.000000
0.680000 0.000000
0.690000 0.000000
0.700000 0.000000
0.710000 0.000000
0.720000 0.000000
0.730000 0.000000
0.740000 0.000000
0.750000 0.000000
0.760000 0.000000
0.770000 0.000000
0.780000 0.000000
0.790000 0.000000
0.800000 0.000000
0.810000 0.000000
0.820000 0.000000
0.830000 0.000000
0.840000 0.000000
0.850000 0.000000
0.860000 0.000000
0.870000 0.000000
0.880000 0.000000
0.890000 0.000000
0.900000 0.000000
0.910000 0.000000
0.920000 0.000000
0.930000 0.000000
0.940000 0.000000
0.950000 0.000000
0.960000 0.000000
0.970000 0.000000
0.980000 0.000000
0.990000 0.000000
1.000000 0.000000
1.010000 0.000000
1.020000 0.000000
1.030000 0.000000
1.040000 0.000000
1.050000 0.000000
1.060000 0.000000
1.070000 0.000000
1.080000 0.000000
1.090000 0.000000
1.100000 0.000000
1.110000 0.000000
1.120000 0.000000
1.130000 0.000000
1.140000 0.000000
1.150000 0.000000
1.160000 0.000000
1.170000 0.000000
1.180000 0.000000
1.190000 0.000000
1.200000 0.000000
1.210000 0.000000
1.220000 0.000000
1.230000 0.000000
1.240000 0.000000
1.250000 0.000000
1.260000 0.000000
1.270000 0.000000
1.280000 0.000000
1.290000 0.000000
1.300000 0.000000
1.310000 0.000000
1.320000 0.000000
1.330000 0.000000
1.340000 0.000000
1.350000 0.000000
1.360000 0.000000
1.370000 0.000000
1.380000 0.000000
1.390000 0.000000
1.400000 0.000000
1.410000 0.000000
1.420000 0.000000
1.430000 0.000000
1.440000 0.000000
1.450000 0.000000
1.460000 0.000000
1.470000 0.000000
1.480000 0.000000
1.490000 0.000000
1.500000 0.000000
1.510000 0.000000
1.520000 0.000000
1.530000 0.000001
1.540000 0.000001
1.550000 0.000001
1.560000 0.000002
1.570000 0.000002
1.580000 0.000003
1.590000 0.000004
1.600000 0.000005
1.610000 0.000007
1.620000 0.000009
1.630000 0.000012
1.640000 0.000016
1.650000 0.000020
1.660000 0.000027
1.670000 0.000035
1.680000 0.000045
1.690000 0.000058
1.700000 0.000074
1.710000 0.000095
1.720000 0.000121
1.730000 0.000154
1.740000 0.000195
1.750000 0.000246
1.760000 0.000310
1.770000 0.000388
1.780000 0.000484
1.790000 0.000602
1.800000 0.000746
1.810000 0.000921
1.820000 0.001134
1.830000 0.001391
1.840000 0.001700
1.850000 0.002072
1.860000 0.002515
1.870000 0.003044
1.880000 0.003671
1.890000 0.004413
1.900000 0.005288
1.910000 0.006314
1.920000 0.007516
1.930000 0.008917
1.940000 0.010545
1.950000 0.012431
1.960000 0.014606
1.970000 0.017107
1.980000 0.019973
1.990000 0.023245
2.000000 0.026968
2.010000 0.031190
2.020000 0.035959
2.030000 0.041328
2.040000 0.047353
2.050000 0.054087
2.060000 0.061589
2.070000 0.069917
2.080000 0.079128
2.090000 0.089280
2.100000 0.100429
2.110000 0.112628
2.120000 0.125928
2.130000 0.140375
2.140000 0.156011
2.150000 0.172870
2.160000 0.190981
2.170000 0.210361
2.180000 0.231022
2.190000 0.252961
2.200000 0.276168
2.210000 0.300616
2.220000 0.326269
2.230000 0.353073
2.240000 0.380964
2.250000 0.409859
2.260000 0.439663
2.270000 0.470265
2.280000 0.501539
2.290000 0.533345
2.300000 0.565530
2.310000 0.597928
2.320000 0.630362
2.330000 0.662644
2.340000 0.694580
2.350000 0.725967
2.360000 0.756600
2.370000 0.786270
2.380000 0.814770
2.390000 0.841891
2.400000 0.867434
2.410000 0.891205
2.420000 0.913021
2.430000 0.932709
2.440000 0.950111
2.450000 0.965088
2.460000 0.977515
2.470000 0.987290
2.480000 0.994331
2.490000 0.998580
2.500000 1.000000
2.510000 0.998580
2.520000 0.994331
2.530000 0.987290
2.540000 0.977515
2.550000 0.965088
2.560000 0.950111
2.570000 0.932709
2.580000 0.913021
2.590000 0.891205
2.600000 0.867434
2.610000 0.841891
2.620000 0.814770
2.630000 0.786270
2.640000 0.756600
2.650000 0.725967
2.660000 0.694580
2.670000 0.662644
2.680000 0.630362
2.690000 0.597928
2.700000 0.565530
2.710000 0.533345
2.720000 0.501539
2.730000 0.470265
2.740000 0.439663
2.750000 0.409859
2.760000 0.380964
2.770000 0.353073
2.780000 0.326269
2.790000 0.300616
2.800000 0.276168
2.810000 0.252961
2.820000 0.231022
2.830000 0.210361
2.840000 0.190981
2.850000 0.172870
2.860000 0.156011
2.870000 0.140375
2.880000 0.125928
2.890000 0.112628
2.900000 0.100429
2.910000 0.089280
2.920000 0.079128
2.930000 0.069917
2.940000 0.061589
2.950000 0.054087
2.960000 0.047353
2.970000 0.041328
2.980000 0.035959
2.990000 0.031190
3.000000 0.026968
3.010000 0.023245
3.020000 0.019973
3.030000 0.017107
3.040000 0.014606
3.050000 0.012431
3.060000 0.010545
3.070000 0.008917
3.080000 0.007516
3.090000 0.006314
3.100000 0.005288
3.110000 0.004413
3.120000 0.003671
3.130000 0.003044
3.140000 0.002515
3.150000 0.002072
3.160000 0.001700
3.170000 0.001391
3.180000 0.001134
3.190000 0.000921
3.200000 0.000746
3.210000 0.000602
3.220000 0.000484
3.230000 0.000388
3.240000 0.000310
3.250000 0.000246
3.260000 0.000195
3.270000 0.000154
3.280000 0.000121
3.290000 0.000095
3.300000 0.000074
3.310000 0.000058
3.320000 0.000045
3.330000 0.000035
3.340000 0.000027
3.350000 0.000020
3.360000 0.000016
3.370000 0.000012
3.380000 0.000009
3.390000 0.000007
3.400000 0.000005
3.410000 0.000004
3.420000 0.000003
3.430000 0.000002
3.440000 0.000002
3.450000 0.000001
3.460000 0.000001
3.470000 0.000001
3.480000 0.000000
3.490000 0.000000
3.500000 0.000000
3.510000 0.000000
3.520000 0.000000
3.530000 0.000000
3.540000 0.000000
3.550000 0.000000
3.560000 0.000000
3.570000 0.000000
3.580000 0.000000
3.590000 0.000000
3.600000 0.000000
3.610000 0.000000
3.620000 0.000000
3.630000 0.000000
3.640000 0.000000
3.650000 0.000000
3.660000 0.000000
3.670000 0.000000
3.680000 0.000000
3.690000 0.000000
3.700000 0.000000
3.710000 0.000000
3.720000 0.000000
3.730000 0.000000
3.740000 0.000000
3.750000 0.000000
3.760000 0.000000
3.770000 0.000000
3.780000 0.000000
3.790000 0.000000
3.800000 0.000000
3.810000 0.000000
3.820000 0.000000
3.830000 0.000000
3.840000 0.000000
3.850000 0.000000
3.860000 0.000000
3.870000 0.000000
3.880000 0.000000
3.890000 0.000000
3.900000 0.000000
3.910000 0.000000
3.920000 0.000000
3.930000 0.000000
3.940000 0.000000
3.950000 0.000000
3.960000 0.000000
3.970000 0.000000
3.980000 0.000000
3.990000 0.000000
4.000000 0.000000
4.010000 0.000000
4.020000 0.000000
4.030000 0.000000
4.040000 0.000000
4.050000 0.000000
4.060000 0.000000
4.070000 0.000000
4.080000 0.000000
4.090000 0.000000
4.100000 0.000000
4.110000 0.000000
4.120000 0.000000
4.130000 0.000000
4.140000 0.000000
4.150000 0.000000
4.160000 0.000000
4.170000 0.000000
4.180000 0.000000
4.190000 0.000000
4.200000 0.000000
4.210000 0.000000
4.220000 0.000000
4.230000 0.000000
4.240000 0.000000
4.250000 0.000000
4.260000 0.000000
4.270000 0.000000
4.280000 0.000000
4.290000 0.000000
4.300000 0.000000
4.310000 0.000000
4.320000 0.000000
4.330000 0.000000
4.340000 0.000000
4.350000 0.000000
4.360000 0.000000
4.370000 0.000000
4.380000 0.000000
4.390000 0.000000
4.400000 0.000000
4.410000 0.000000
4.420000 0.000000
4.430000 0.000000
4.440000 0.000000
4.450000 0.000000
4.460000 0.000000
4.470000 0.000000
4.480000 0.000000
4.490000 0.000000
4.500000 0.000000
4.510000 0.000000
4.520000 0.000000
4.530000 0.000000
4.540000 0.000000
4.550000 0.000000
4.560000 0.000000
4.570000 0.000000
4.580000 0.000000
4.590000 0.000000
4.600000 0.000000
4.610000 0.000000
4.620000 0.000000
4.630000 0.000000
4.640000 0.000000
4.650000 0.000000
4.660000 0.000000
4.670000 0.000000
4.680000 0.000000
4.690000 0.000000
4.700000 0.000000
4.710000 0.000000
4.720000 0.000000
4.730000 0.000000
4.740000 0.000000
4.750000 0.000000
4.760000 0.000000
4.770000 0.000000
4.780000 0.000000
4.790000 0.000000
4.800000 0.000000
4.810000 0.000000
4.820000 0.000000
4.830000 0.000000
4.840000 0.000000
4.850000 0.000000
4.860000 0.000000
4.870000 0.000000
4.880000 0.000000
4.890000 0.000000
4.900000 0.000000
4.910000 0.000000
4.920000 0.000000
4.930000 0.000000
4.940000 0.000000
4.950000 0.000000
4.960000 0.000000
4.970000 0.000000
4.980000 0.000000
4.990000 0.000000
5.000000 0.000000
5.010000 0.000000
5.020000 0.000000
5.030000 0.000000
5.040000 0.000000
5.050000 0.000000
5.060000 0.000000
5.070000 0.000000
5.080000 0.000000
5.090000 0.000000
5.100000 0.000000
5.110000 0.000000
5.120000 0.000000
5.130000 0.000000
5.140000 0.000000
5.150000 0.000000
5.160000 0.000000
5.170000 0.000000
5.180000 0.000000
5.190000 0.000000
5.200000 0.000000
5.210000 0.000000
5.220000 0.000000
5.230000 0.000000
5.240000 0.000000
5.250000 0.000000
5.260000 0.000000
5.270000 0.000000
5.280000 0.000000
5.290000 0.000000
5.300000 0.000000
5.310000 0.000000
5.320000 0.000000
5.330000 0.000000
5.340000 0.000000
5.350000 0.000000
5.360000 0.000000
5.370000 0.000000
5.380000 0.000000
5.390000 0.000000
5.400000 0.000000
5.410000 0.000000
5.420000 0.000000
5.430000 0.000000
5.440000 0.000000
5.450000 0.000000
5.460000 0.000000
5.470000 0.000000
5.480000 0.000000
5.490000 0.000000
5.500000 0.000000
5.510000 0.000000
5.520000 0.000000
5.530000 0.000000
5.540000 0.000000
5.550000 0.000000
5.560000 0.000000
5.570000 0.000000
5.580000 0.000000
5.590000 0.000000
5.600000 0.000000
5.610000 0.000000
5.620000 0.000000
5.630000 0.000000
5.640000 0.000000
5.650000 0.000000
5.660000 0.000000
5.670000 0.000000
5.680000 0.000000
5.690000 0.000000
5.700000 0.000000
5.710000 0.000000
5.720000 0.000000
5.730000 0.000000
5.740000 0.000000
5.750000 0.000000
5.760000 0.000000
5.770000 0.000000
5.780000 0.000000
5.790000 0.000000
5.800000 0.000000
5.810000 0.000000
5.820000 0.000000
5.830000 0.000000
5.840000 0.000000
5.850000 0.000000
5.860000 0.000000
5.870000 0.000000
5.880000 0.000000
5.890000 0.000000
5.900000 0.000000
5.910000 0.000000
5.920000 0.000000
5.930000 0.000000
5.940000 0.000000
5.950000 0.000000
5.960000 0.000000
5.970000 0.000000
5.980000 0.000000
5.990000 0.000000
6.000000 0.000000
6.010000 0.000000
6.020000 0.000000
6.030000 0.000000
6.040000 0.000000
6.050000 0.000000
6.060000 0.000000
6.070000 0.000000
6.080000 0.000000
6.090000 0.000000
6.100000 0.000000
6.110000 0.000000
6.120000 0.000000
6.130000 0.000000
6.140000 0.000000
6.150000 0.000000
6.160000 0.000000
6.170000 0.000000
6.180000 0.000000
6.190000 0.000000
6.200000 0.000000
6.210000 0.000000
6.220000 0.000000
6.230000 0.000000
6.240000 0.000000
6.250000 0.000000
6.260000 0.000000
6.270000 0.000000
6.280000 0.000000
6.290000 0.000000
6.300000 0.000000
6.310000 0.000000
6.320000 0.000000
6.330000 0.000000
6.340000 0.000000
6.350000 0.000000
6.360000 0.000000
6.370000 0.000000
6.380000 0.000000
6.390000 0.000000
6.400000 0.000000
6.410000 0.000000
6.420000 0.000000
6.430000 0.000000
6.440000 0.000000
6.450000 0.000000
6.460000 0.000000
6.470000 0.000000
6.480000 0.000000
6.490000 0.000000
6.500000 0.000000
6.510000 0.000000
6.520000 0.000000
6.530000 0.000001
6.540000 0.000001
6.550000 0.000001
6.560000 0.000002
6.570000 0.000002
6.580000 0.000003
6.590000 0.000004
6.600000 0.000005
6.610000 0.000007
6.620000 0.000009
6.630000 0.000012
6.640000 0.000016
6.650000 0.000020
6.660000 0.000027
6.670000 0.000035
6.680000 0.000045
6.690000 0.000058
6.700000 0.000074
6.710000 0.000095
6.720000 0.000121
6.730000 0.000154
6.740000 0.000195
6.750000 0.000246
6.760000 0.000310
6.770000 0.000388
6.780000 0.000484
6.790000 0.000602
6.800000 0.000746
6.810000 0.000921
6.820000 0.001134
6.830000 0.001391
6.840000 0.001700
6.850000 0.002072
6.860000 0.002515
6.870000 0.003044
6.880000 0.003671
6.890000 0.004413
6.900000 0.005288
6.910000 0.006314
6.920000 0.007516
6.930000 0.008917
6.940000 0.010545
6.950000 0.012431
6.960000 0.014606
6.970000 0.017107
6.980000 0.019973
6.990000 0.023245
7.000000 0.026968
7.010000 0.031190
7.020000 0.035959
7.030000 0.041329
7.040000 0.047353
7.050000 0.054087
7.060000 0.061589
7.070000 0.069917
7.080000 0.079128
7.090000 0.089280
7.100000 0.100429
7.110000 0.112628
7.120000 0.125928
7.130000 0.140375
7.140000 0.156011
7.150000 0.172870
7.160000 0.190980
7.170000 0.210361
7.180000 0.231021
7.190000 0.252961
7.200000 0.276167
7.210000 0.300616
7.220000 0.326268
7.230000 0.353073
7.240000 0.380963
7.250000 0.409859
7.260000 0.439664
7.270000 0.470265
7.280000 0.501540
7.290000 0.533345
7.300000 0.565531
7.310000 0.597928
7.320000 0.630362
7.330000 0.662644
7.340000 0.694581
7.350000 0.725967
7.360000 0.756601
7.370000 0.786270
7.380000 0.814770
7.390000 0.841890
7.400000 0.867434
7.410000 0.891205
7.420000 0.913021
7.430000 0.932708
7.440000 0.950111
7.450000 0.965087
7.460000 0.977515
7.470000 0.987290
7.480000 0.994331
7.490000 0.998580
7.500000 1.000000
7.510000 0.998580
7.520000 0.994331
7.530000 0.987290
7.540000 0.977515
7.550000 0.965087
7.560000 0.950111
7.570000 0.932708
7.580000 0.913021
7.590000 0.891205
7.600000 0.867434
7.610000 0.841890
7.620000 0.814770
7.630000 0.786270
7.640000 0.756601
7.650000 0.725967
7.660000 0.694581
7.670000 0.662644
7.680000 0.630362
7.690000 0.597928
7.700000 0.565531
7.710000 0.533345
7.720000 0.501540
7.730000 0.470265
7.740000 0.439664
7.750000 0.409859
7.760000 0.380963
7.770000 0.353073
7.780000 0.326268
7.790000 0.300616
7.800000 0.276167
7.810000 0.252961
7.820000 0.231021
7.830000 0.210361
7.840000 0.190980
7.850000 0.172870
7.860000 0.156011
7.870000 0.140375
7.880000 0.125928
7.890000 0.112628
7.900000 0.100429
7.910000 0.089280
7.920000 0.079128
7.930000 0.069917
7.940000 0.061589
7.950000 0.054087
7.960000 0.047353
7.970000 0.041329
7.980000 0.035959
7.990000 0.031190
8.000000 0.026968
8.010000 0.023245
8.020000 0.019973
8.030000 0.017107
8.040000 0.014606
8.050000 0.012431
8.060000 0.010545
8.070000 0.008917
8.080000 0.007516
8.090000 0.006314
8.100000 0.005288
8.110000 0.004413
8.120000 0.003671
8.130000 0.003044
8.140000 0.002515
8.150000 0.002072
8.160000 0.001700
8.170000 0.001391
8.180000 0.001134
8.190000 0.000921
8.200000 0.000746
8.210000 0.000602
8.220000 0.000484
8.230000 0.000388
8.240000 0.000310
8.250000 0.000246
8.260000 0.000195
8.270000 0.000154
8.280000 0.000121
8.290000 0.000095
8.300000 0.000074
8.310000 0.000058
8.320000 0.000045
8.330000 0.000035
8.340000 0.000027
8.350000 0.000020
8.360000 0.000016
8.370000 0.000012
8.380000 0.000009
8.390000 0.000007
8.400000 0.000005
8.410000 0.000004
8.420000 0.000003
8.430000 0.000002
8.440000 0.000002
8.450000 0.000001
8.460000 0.000001
8.470000 0.000001
8.480000 0.000000
8.490000 0.000000
8.500000 0.000000
8.510000 0.000000
8.520000 0.000000
8.530000 0.000000
8.540000 0.000000
8.550000 0.000000
8.560000 0.000000
8.570000 0.000000
8.580000 0.000000
8.590000 0.000000
8.600000 0.000000
8.610000 0.000000
8.620000 0.000000
8.630000 0.000000
8.640000 0.000000
8.650000 0.000000
8.660000 0.000000
8.670000 0.000000
8.680000 0.000000
8.690000 0.000000
8.700000 0.000000
8.710000 0.000000
8.720000 0.000000
8.730000 0.000000
8.740000 0.000000
8.750000 0.000000
8.760000 0.000000
8.770000 0.000000
8.780000 0.000000
8.790000 0.000000
8.800000 0.000000
8.810000 0.000000
8.820000 0.000000
8.830000 0.000000
8.840000 0.000000
8.850000 0.000000
8.860000 0.000000
8.870000 0.000000
8.880000 0.000000
8.890000 0.000000
8.900000 0.000000
8.910000 0.000000
8.920000 0.000000
8.930000 0.000000
8.940000 0.000000
8.950000 0.000000
8.960000 0.000000
8.970000 0.000000
8.980000 0.000000
8.990000 0.000000
9.000000 0.000000
9.010000 0.000000
9.020000 0.000000
9.030000 0.000000
9.040000 0.000000
9.050000 0.000000
9.060000 0.000000
9.070000 0.000000
9.080000 0.000000
9.090000 0.000000
9.100000 0.000000
9.110000 0.000000
9.120000 0.000000
9.130000 0.000000
9.140000 0.000000
9.150000 0.000000
9.160000 0.000000
9.170000 0.000000
9.180000 0.000000
9.190000 0.000000
9.200000 0.000000
9.210000 0.000000
9.220000 0.000000
9.230000 0.000000
9.240000 0.000000
9.250000 0.000000
9.260000 0.000000
9.270000 0.000000
9.280000 0.000000
9.290000 0.000000
9.300000 0.000000
9.310000 0.000000
9.320000 0.000000
9.330000 0.000000
9.340000 0.000000
9.350000 0.000000
9.360000 0.000000
9.370000 0.000000
9.380000 0.000000
9.390000 0.000000
9.400000 0.000000
9.410000 0.000000
9.420000 0.000000
9.430000 0.000000
9.440000 0.000000
9.450000 0.000000
9.460000 0.000000
9.470000 0.000000
9.480000 0.000000
9.490000 0.000000
9.500000 0.000000
9.510000 0.000000
9.520000 0.000000
9.530000 0.000000
9.540000 0.000000
9.550000 0.000000
9.560000 0.000000
9.570000 0.000000
9.580000 0.000000
9.590000 0.000000
9.600000 0.000000
9.610000 0.000000
9.620000 0.000000
9.630000 0.000000
9.640000 0.000000
9.650000 0.000000
9.660000 0.000000
9.670000 0.000000
9.680000 0.000000
9.690000 0.000000
9.700000 0.000000
9.710000 0.000000
9.720000 0.000000
9.730000 0.000000
9.740000 0.000000
9.750000 0.000000
9.760000 0.000000
9.770000 0.000000
9.780000 0.000000
9.790000 0.000000
9.800000 0.000000
9.810000 0.000000
9.820000 0.000000
9.830000 0.000000
9.840000 0.000000
9.850000 0.000000
9.860000 0.000000
9.870000 0.000000
9.880000 0.000000
9.890000 0.000000
9.900000 0.000000
9.910000 0.000000
9.920000 0.000000
9.930000 0.000000
9.940000 0.000000
9.950000 0.000000
9.960000 0.000000
9.970000 0.000000
9.980000 0.000000
9.990000 0.000000
10.000000 0.000000
