0.000000 0.000000
0.010000 0.000000
0.020000 0.000000
0.030000 0.000000
0.040000 0.000000
0.050000 0.000000
0.060000 0.000000
0.070000 0.000000
0.080000 0.000000
0.090000 0.000001
0.100000 0.000001
0.110000 0.000002
0.120000 0.000002
0.130000 0.000004
0.140000 0.000005
0.150000 0.000007
0.160000 0.000010
0.170000 0.000014
0.180000 0.000018
0.190000 0.000024
0.200000 0.000031
0.210000 0.000039
0.220000 0.000050
0.230000 0.000062
0.240000 0.000077
0.250000 0.000094
0.260000 0.000114
0.270000 0.000137
0.280000 0.000164
0.290000 0.000195
0.300000 0.000231
0.310000 0.000272
0.320000 0.000318
0.330000 0.000370
0.340000 0.000428
0.350000 0.000494
0.360000 0.000567
0.370000 0.000649
0.380000 0.000740
0.390000 0.000840
0.400000 0.000951
0.410000 0.001073
0.420000 0.001207
0.430000 0.001354
0.440000 0.001515
0.450000 0.001690
0.460000 0.001881
0.470000 0.002088
0.480000 0.002313
0.490000 0.002555
0.500000 0.002818
0.510000 0.003101
0.520000 0.003405
0.530000 0.003732
0.540000 0.004084
0.550000 0.004460
0.560000 0.004862
0.570000 0.005292
0.580000 0.005751
0.590000 0.006240
0.600000 0.006760
0.610000 0.007313
0.620000 0.007901
0.630000 0.008523
0.640000 0.009182
0.650000 0.009880
0.660000 0.010617
0.670000 0.011396
0.680000 0.012217
0.690000 0.013082
0.700000 0.013993
0.710000 0.014951
0.720000 0.015958
0.730000 0.017015
0.740000 0.018124
0.750000 0.019286
0.760000 0.020502
0.770000 0.021776
0.780000 0.023107
0.790000 0.024497
0.800000 0.025949
0.810000 0.027464
0.820000 0.029042
0.830000 0.030687
0.840000 0.032399
0.850000 0.034179
0.860000 0.036031
0.870000 0.037954
0.880000 0.039950
0.890000 0.042022
0.900000 0.044169
0.910000 0.046395
0.920000 0.048700
0.930000 0.051086
0.940000 0.053554
0.950000 0.056105
0.960000 0.058741
0.970000 0.061464
0.980000 0.064274
0.990000 0.067172
1.000000 0.070161
1.010000 0.073240
1.020000 0.076412
1.030000 0.079677
1.040000 0.083036
1.050000 0.086491
1.060000 0.090043
1.070000 0.093692
1.080000 0.097439
1.090000 0.101285
1.100000 0.105231
1.110000 0.109277
1.120000 0.113425
1.130000 0.117675
1.140000 0.122027
1.150000 0.126483
1.160000 0.131042
1.170000 0.135705
1.180000 0.140472
1.190000 0.145344
1.200000 0.150320
1.210000 0.155401
1.220000 0.160588
1.230000 0.165879
1.240000 0.171275
1.250000 0.176777
1.260000 0.182383
1.270000 0.188093
1.280000 0.193907
1.290000 0.199825
1.300000 0.205847
1.310000 0.211971
1.320000 0.218197
1.330000 0.224524
1.340000 0.230953
1.350000 0.237480
1.360000 0.244107
1.370000 0.250832
1.380000 0.257653
1.390000 0.264570
1.400000 0.271582
1.410000 0.278686
1.420000 0.285883
1.430000 0.293169
1.440000 0.300545
1.450000 0.308008
1.460000 0.315556
1.470000 0.323188
1.480000 0.330902
1.490000 0.338696
1.500000 0.346568
1.510000 0.354516
1.520000 0.362538
1.530000 0.370632
1.540000 0.378795
1.550000 0.387025
1.560000 0.395320
1.570000 0.403677
1.580000 0.412095
1.590000 0.420569
1.600000 0.429097
1.610000 0.437678
1.620000 0.446307
1.630000 0.454982
1.640000 0.463701
1.650000 0.472460
1.660000 0.481256
1.670000 0.490086
1.680000 0.498947
1.690000 0.507837
1.700000 0.516750
1.710000 0.525685
1.720000 0.534638
1.730000 0.543606
1.740000 0.552584
1.750000 0.561571
1.760000 0.570561
1.770000 0.579553
1.780000 0.588542
1.790000 0.597524
1.800000 0.606496
1.810000 0.615454
1.820000 0.624396
1.830000 0.633316
1.840000 0.642211
1.850000 0.651078
1.860000 0.659912
1.870000 0.668711
1.880000 0.677470
1.890000 0.686185
1.900000 0.694853
1.910000 0.703469
1.920000 0.712031
1.930000 0.720534
1.940000 0.728975
1.950000 0.737349
1.960000 0.745653
1.970000 0.753883
1.980000 0.762036
1.990000 0.770107
2.000000 0.778093
2.010000 0.785991
2.020000 0.793796
2.030000 0.801505
2.040000 0.809114
2.050000 0.816621
2.060000 0.824020
2.070000 0.831309
2.080000 0.838485
2.090000 0.845543
2.100000 0.852481
2.110000 0.859294
2.120000 0.865981
2.130000 0.872537
2.140000 0.878960
2.150000 0.885246
2.160000 0.891392
2.170000 0.897395
2.180000 0.903253
2.190000 0.908961
2.200000 0.914519
2.210000 0.919922
2.220000 0.925168
2.230000 0.930254
2.240000 0.935179
2.250000 0.939939
2.260000 0.944532
2.270000 0.948956
2.280000 0.953208
2.290000 0.957287
2.300000 0.961190
2.310000 0.964916
2.320000 0.968462
2.330000 0.971827
2.340000 0.975009
2.350000 0.978006
2.360000 0.980817
2.370000 0.983440
2.380000 0.985875
2.390000 0.988119
2.400000 0.990173
2.410000 0.992033
2.420000 0.993701
2.430000 0.995174
2.440000 0.996452
2.450000 0.997535
2.460000 0.998422
2.470000 0.999112
2.480000 0.999605
2.490000 0.999901
2.500000 1.000000
2.510000 0.999901
2.520000 0.999605
2.530000 0.999112
2.540000 0.998422
2.550000 0.997535
2.560000 0.996452
2.570000 0.995174
2.580000 0.993701
2.590000 0.992033
2.600000 0.990173
2.610000 0.988119
2.620000 0.985875
2.630000 0.983440
2.640000 0.980817
2.650000 0.978006
2.660000 0.975009
2.670000 0.971827
2.680000 0.968462
2.690000 0.964916
2.700000 0.961190
2.710000 0.957287
2.720000 0.953208
2.730000 0.948956
2.740000 0.944532
2.750000 0.939939
2.760000 0.935179
2.770000 0.930254
2.780000 0.925168
2.790000 0.919922
2.800000 0.914519
2.810000 0.908961
2.820000 0.903253
2.830000 0.897395
2.840000 0.891392
2.850000 0.885246
2.860000 0.878960
2.870000 0.872537
2.880000 0.865981
2.890000 0.859294
2.900000 0.852481
2.910000 0.845543
2.920000 0.838485
2.930000 0.831309
2.940000 0.824020
2.950000 0.816621
2.960000 0.809114
2.970000 0.801505
2.980000 0.793796
2.990000 0.785991
3.000000 0.778093
3.010000 0.770107
3.020000 0.762036
3.030000 0.753883
3.040000 0.745653
3.050000 0.737349
3.060000 0.728975
3.070000 0.720534
3.080000 0.712031
3.090000 0.703470
3.100000 0.694853
3.110000 0.686185
3.120000 0.677470
3.130000 0.668711
3.140000 0.659912
3.150000 0.651078
3.160000 0.642211
3.170000 0.633316
3.180000 0.624395
3.190000 0.615454
3.200000 0.606496
3.210000 0.597524
3.220000 0.588542
3.230000 0.579553
3.240000 0.570561
3.250000 0.561571
3.260000 0.552584
3.270000 0.543606
3.280000 0.534638
3.290000 0.525685
3.300000 0.516750
3.310000 0.507837
3.320000 0.498948
3.330000 0.490086
3.340000 0.481256
3.350000 0.472460
3.360000 0.463701
3.370000 0.454983
3.380000 0.446307
3.390000 0.437678
3.400000 0.429097
3.410000 0.420569
3.420000 0.412094
3.430000 0.403677
3.440000 0.395320
3.450000 0.387025
3.460000 0.378795
3.470000 0.370632
3.480000 0.362538
3.490000 0.354516
3.500000 0.346568
3.510000 0.338696
3.520000 0.330902
3.530000 0.323188
3.540000 0.315556
3.550000 0.308008
3.560000 0.300545
3.570000 0.293169
3.580000 0.285883
3.590000 0.278686
3.600000 0.271582
3.610000 0.264570
3.620000 0.257653
3.630000 0.250832
3.640000 0.244107
3.650000 0.237480
3.660000 0.230953
3.670000 0.224524
3.680000 0.218197
3.690000 0.211971
3.700000 0.205847
3.710000 0.199825
3.720000 0.193907
3.730000 0.188093
3.740000 0.182383
3.750000 0.176777
3.760000 0.171275
3.770000 0.165879
3.780000 0.160588
3.790000 0.155401
3.800000 0.150320
3.810000 0.145344
3.820000 0.140472
3.830000 0.135705
3.840000 0.131042
3.850000 0.126483
3.860000 0.122027
3.870000 0.117675
3.880000 0.113425
3.890000 0.109277
3.900000 0.105231
3.910000 0.101285
3.920000 0.097439
3.930000 0.093692
3.940000 0.090043
3.950000 0.086491
3.960000 0.083036
3.970000 0.079677
3.980000 0.076412
3.990000 0.073240
4.000000 0.070161
4.010000 0.067172
4.020000 0.064274
4.030000 0.061464
4.040000 0.058742
4.050000 0.056105
4.060000 0.053554
4.070000 0.051086
4.080000 0.048700
4.090000 0.046395
4.100000 0.044169
4.110000 0.042022
4.120000 0.039950
4.130000 0.037954
4.140000 0.036031
4.150000 0.034179
4.160000 0.032399
4.170000 0.030687
4.180000 0.029042
4.190000 0.027464
4.200000 0.025949
4.210000 0.024497
4.220000 0.023107
4.230000 0.021776
4.240000 0.020502
4.250000 0.019286
4.260000 0.018124
4.270000 0.017015
4.280000 0.015958
4.290000 0.014951
4.300000 0.013993
4.310000 0.013082
4.320000 0.012217
4.330000 0.011396
4.340000 0.010617
4.350000 0.009880
4.360000 0.009182
4.370000 0.008523
4.380000 0.007901
4.390000 0.007313
4.400000 0.006760
4.410000 0.006240
4.420000 0.005751
4.430000 0.005292
4.440000 0.004862
4.450000 0.004460
4.460000 0.004084
4.470000 0.003732
4.480000 0.003405
4.490000 0.003101
4.500000 0.002818
4.510000 0.002555
4.520000 0.002313
4.530000 0.002088
4.540000 0.001881
4.550000 0.001690
4.560000 0.001515
4.570000 0.001354
4.580000 0.001207
4.590000 0.001073
4.600000 0.000951
4.610000 0.000840
4.620000 0.000740
4.630000 0.000649
4.640000 0.000567
4.650000 0.000494
4.660000 0.000428
4.670000 0.000370
4.680000 0.000318
4.690000 0.000272
4.700000 0.000231
4.710000 0.000195
4.720000 0.000164
4.730000 0.000137
4.740000 0.000114
4.750000 0.000094
4.760000 0.000077
4.770000 0.000062
4.780000 0.000050
4.790000 0.000039
4.800000 0.000031
4.810000 0.000024
4.820000 0.000018
4.830000 0.000014
4.840000 0.000010
4.850000 0.000007
4.860000 0.000005
4.870000 0.000004
4.880000 0.000002
4.890000 0.000002
4.900000 0.000001
4.910000 0.000001
4.920000 0.000000
4.930000 0.000000
4.940000 0.000000
4.950000 0.000000
4.960000 0.000000
4.970000 0.000000
4.980000 0.000000
4.990000 0.000000
5.000000 0.000000
5.010000 -0.000000
5.020000 -0.000000
5.030000 -0.000000
5.040000 -0.000000
5.050000 -0.000000
5.060000 -0.000000
5.070000 -0.000000
5.080000 -0.000000
5.090000 -0.000001
5.100000 -0.000001
5.110000 -0.000002
5.120000 -0.000002
5.130000 -0.000004
5.140000 -0.000005
5.150000 -0.000007
5.160000 -0.000010
5.170000 -0.000014
5.180000 -0.000018
5.190000 -0.000024
5.200000 -0.000031
5.210000 -0.000039
5.220000 -0.000050
5.230000 -0.000062
5.240000 -0.000077
5.250000 -0.000094
5.260000 -0.000114
5.270000 -0.000137
5.280000 -0.000164
5.290000 -0.000195
5.300000 -0.000231
5.310000 -0.000272
5.320000 -0.000318
5.330000 -0.000370
5.340000 -0.000428
5.350000 -0.000494
5.360000 -0.000567
5.370000 -0.000649
5.380000 -0.000740
5.390000 -0.000840
5.400000 -0.000951
5.410000 -0.001073
5.420000 -0.001207
5.430000 -0.001354
5.440000 -0.001515
5.450000 -0.001690
5.460000 -0.001881
5.470000 -0.002088
5.480000 -0.002313
5.490000 -0.002555
5.500000 -0.002818
5.510000 -0.003101
5.520000 -0.003405
5.530000 -0.003732
5.540000 -0.004084
5.550000 -0.004460
5.560000 -0.004862
5.570000 -0.005292
5.580000 -0.005751
5.590000 -0.006240
5.600000 -0.006760
5.610000 -0.007313
5.620000 -0.007901
5.630000 -0.008523
5.640000 -0.009182
5.650000 -0.009880
5.660000 -0.010617
5.670000 -0.011396
5.680000 -0.012217
5.690000 -0.013082
5.700000 -0.013993
5.710000 -0.014951
5.720000 -0.015958
5.730000 -0.017015
5.740000 -0.018124
5.750000 -0.019286
5.760000 -0.020502
5.770000 -0.021776
5.780000 -0.023107
5.790000 -0.024497
5.800000 -0.025949
5.810000 -0.027464
5.820000 -0.029042
5.830000 -0.030687
5.840000 -0.032399
5.850000 -0.034179
5.860000 -0.036031
5.870000 -0.037954
5.880000 -0.039950
5.890000 -0.042022
5.900000 -0.044169
5.910000 -0.046395
5.920000 -0.048700
5.930000 -0.051086
5.940000 -0.053554
5.950000 -0.056105
5.960000 -0.058742
5.970000 -0.061464
5.980000 -0.064274
5.990000 -0.067172
6.000000 -0.070161
6.010000 -0.073240
6.020000 -0.076412
6.030000 -0.079677
6.040000 -0.083036
6.050000 -0.086492
6.060000 -0.090043
6.070000 -0.093692
6.080000 -0.097439
6.090000 -0.101285
6.100000 -0.105231
6.110000 -0.109277
6.120000 -0.113425
6.130000 -0.117675
6.140000 -0.122027
6.150000 -0.126483
6.160000 -0.131042
6.170000 -0.135705
6.180000 -0.140472
6.190000 -0.145344
6.200000 -0.150320
6.210000 -0.155401
6.220000 -0.160588
6.230000 -0.165879
6.240000 -0.171275
6.250000 -0.176777
6.260000 -0.182383
6.270000 -0.188093
6.280000 -0.193907
6.290000 -0.199825
6.300000 -0.205847
6.310000 -0.211971
6.320000 -0.218197
6.330000 -0.224524
6.340000 -0.230953
6.350000 -0.237480
6.360000 -0.244107
6.370000 -0.250832
6.380000 -0.257653
6.390000 -0.264570
6.400000 -0.271582
6.410000 -0.278686
6.420000 -0.285883
6.430000 -0.293169
6.440000 -0.300545
6.450000 -0.308008
6.460000 -0.315556
6.470000 -0.323188
6.480000 -0.330902
6.490000 -0.338696
6.500000 -0.346568
6.510000 -0.354516
6.520000 -0.362538
6.530000 -0.370632
6.540000 -0.378795
6.550000 -0.387025
6.560000 -0.395320
6.570000 -0.403678
6.580000 -0.412094
6.590000 -0.420569
6.600000 -0.429097
6.610000 -0.437678
6.620000 -0.446307
6.630000 -0.454983
6.640000 -0.463701
6.650000 -0.472460
6.660000 -0.481256
6.670000 -0.490086
6.680000 -0.498947
6.690000 -0.507837
6.700000 -0.516750
6.710000 -0.525685
6.720000 -0.534638
6.730000 -0.543606
6.740000 -0.552584
6.750000 -0.561571
6.760000 -0.570562
6.770000 -0.579553
6.780000 -0.588542
6.790000 -0.597524
6.800000 -0.606496
6.810000 -0.615454
6.820000 -0.624396
6.830000 -0.633316
6.840000 -0.642211
6.850000 -0.651078
6.860000 -0.659913
6.870000 -0.668711
6.880000 -0.677470
6.890000 -0.686185
6.900000 -0.694853
6.910000 -0.703469
6.920000 -0.712031
6.930000 -0.720534
6.940000 -0.728975
6.950000 -0.737349
6.960000 -0.745653
6.970000 -0.753883
6.980000 -0.762036
6.990000 -0.770107
7.000000 -0.778093
7.010000 -0.785991
7.020000 -0.793796
7.030000 -0.801505
7.040000 -0.809114
7.050000 -0.816621
7.060000 -0.824020
7.070000 -0.831309
7.080000 -0.838485
7.090000 -0.845543
7.100000 -0.852481
7.110000 -0.859295
7.120000 -0.865981
7.130000 -0.872537
7.140000 -0.878960
7.150000 -0.885246
7.160000 -0.891392
7.170000 -0.897395
7.180000 -0.903252
7.190000 -0.908961
7.200000 -0.914518
7.210000 -0.919922
7.220000 -0.925168
7.230000 -0.930254
7.240000 -0.935179
7.250000 -0.939939
7.260000 -0.944532
7.270000 -0.948956
7.280000 -0.953208
7.290000 -0.957287
7.300000 -0.961190
7.310000 -0.964916
7.320000 -0.968462
7.330000 -0.971827
7.340000 -0.975009
7.350000 -0.978006
7.360000 -0.980817
7.370000 -0.983440
7.380000 -0.985875
7.390000 -0.988119
7.400000 -0.990173
7.410000 -0.992033
7.420000 -0.993701
7.430000 -0.995174
7.440000 -0.996452
7.450000 -0.997535
7.460000 -0.998422
7.470000 -0.999112
7.480000 -0.999605
7.490000 -0.999901
7.500000 -1.000000
7.510000 -0.999901
7.520000 -0.999605
7.530000 -0.999112
7.540000 -0.998422
7.550000 -0.997535
7.560000 -0.996452
7.570000 -0.995174
7.580000 -0.993701
7.590000 -0.992033
7.600000 -0.990173
7.610000 -0.988119
7.620000 -0.985875
7.630000 -0.983440
7.640000 -0.980817
7.650000 -0.978006
7.660000 -0.975009
7.670000 -0.971827
7.680000 -0.968462
7.690000 -0.964916
7.700000 -0.961190
7.710000 -0.957287
7.720000 -0.953208
7.730000 -0.948956
7.740000 -0.944532
7.750000 -0.939939
7.760000 -0.935179
7.770000 -0.930254
7.780000 -0.925168
7.790000 -0.919922
7.800000 -0.914518
7.810000 -0.908961
7.820000 -0.903252
7.830000 -0.897395
7.840000 -0.891392
7.850000 -0.885246
7.860000 -0.878960
7.870000 -0.872537
7.880000 -0.865981
7.890000 -0.859295
7.900000 -0.852481
7.910000 -0.845543
7.920000 -0.838485
7.930000 -0.831309
7.940000 -0.824020
7.950000 -0.816621
7.960000 -0.809114
7.970000 -0.801505
7.980000 -0.793796
7.990000 -0.785991
8.000000 -0.778093
8.010000 -0.770107
8.020000 -0.762035
8.030000 -0.753883
8.040000 -0.745653
8.050000 -0.737349
8.060000 -0.728974
8.070000 -0.720534
8.080000 -0.712031
8.090000 -0.703469
8.100000 -0.694852
8.110000 -0.686185
8.120000 -0.677470
8.130000 -0.668711
8.140000 -0.659912
8.150000 -0.651078
8.160000 -0.642211
8.170000 -0.633316
8.180000 -0.624395
8.190000 -0.615455
8.200000 -0.606496
8.210000 -0.597524
8.220000 -0.588541
8.230000 -0.579553
8.240000 -0.570562
8.250000 -0.561571
8.260000 -0.552584
8.270000 -0.543605
8.280000 -0.534638
8.290000 -0.525685
8.300000 -0.516750
8.310000 -0.507836
8.320000 -0.498948
8.330000 -0.490086
8.340000 -0.481256
8.350000 -0.472460
8.360000 -0.463701
8.370000 -0.454983
8.380000 -0.446307
8.390000 -0.437677
8.400000 -0.429098
8.410000 -0.420569
8.420000 -0.412094
8.430000 -0.403677
8.440000 -0.395320
8.450000 -0.387025
8.460000 -0.378795
8.470000 -0.370631
8.480000 -0.362538
8.490000 -0.354516
8.500000 -0.346568
8.510000 -0.338696
8.520000 -0.330901
8.530000 -0.323188
8.540000 -0.315556
8.550000 -0.308008
8.560000 -0.300545
8.570000 -0.293170
8.580000 -0.285883
8.590000 -0.278686
8.600000 -0.271581
8.610000 -0.264570
8.620000 -0.257653
8.630000 -0.250832
8.640000 -0.244107
8.650000 -0.237481
8.660000 -0.230953
8.670000 -0.224524
8.680000 -0.218197
8.690000 -0.211971
8.700000 -0.205847
8.710000 -0.199825
8.720000 -0.193907
8.730000 -0.188093
8.740000 -0.182383
8.750000 -0.176777
8.760000 -0.171275
8.770000 -0.165879
8.780000 -0.160588
8.790000 -0.155401
8.800000 -0.150320
8.810000 -0.145343
8.820000 -0.140472
8.830000 -0.135705
8.840000 -0.131042
8.850000 -0.126483
8.860000 -0.122028
8.870000 -0.117675
8.880000 -0.113425
8.890000 -0.109277
8.900000 -0.105231
8.910000 -0.101285
8.920000 -0.097439
8.930000 -0.093691
8.940000 -0.090043
8.950000 -0.086492
8.960000 -0.083036
8.970000 -0.079677
8.980000 -0.076412
8.990000 -0.073240
9.000000 -0.070161
9.010000 -0.067172
9.020000 -0.064274
9.030000 -0.061464
9.040000 -0.058742
9.050000 -0.056105
9.060000 -0.053554
9.070000 -0.051086
9.080000 -0.048700
9.090000 -0.046395
9.100000 -0.044169
9.110000 -0.042022
9.120000 -0.039950
9.130000 -0.037954
9.140000 -0.036031
9.150000 -0.034180
9.160000 -0.032399
9.170000 -0.030687
9.180000 -0.029042
9.190000 -0.027464
9.200000 -0.025949
9.210000 -0.024497
9.220000 -0.023107
9.230000 -0.021776
9.240000 -0.020502
9.250000 -0.019286
9.260000 -0.018124
9.270000 -0.017015
9.280000 -0.015958
9.290000 -0.014951
9.300000 -0.013993
9.310000 -0.013082
9.320000 -0.012217
9.330000 -0.011396
9.340000 -0.010617
9.350000 -0.009880
9.360000 -0.009182
9.370000 -0.008523
9.380000 -0.007901
9.390000 -0.007313
9.400000 -0.006760
9.410000 -0.006240
9.420000 -0.005751
9.430000 -0.005292
9.440000 -0.004862
9.450000 -0.004460
9.460000 -0.004084
9.470000 -0.003732
9.480000 -0.003405
9.490000 -0.003101
9.500000 -0.002818
9.510000 -0.002555
9.520000 -0.002313
9.530000 -0.002088
9.540000 -0.001881
9.550000 -0.001690
9.560000 -0.001515
9.570000 -0.001354
9.580000 -0.001207
9.590000 -0.001073
9.600000 -0.000951
9.610000 -0.000840
9.620000 -0.000740
9.630000 -0.000649
9.640000 -0.000567
9.650000 -0.000494
9.660000 -0.000428
9.670000 -0.000370
9.680000 -0.000318
9.690000 -0.000272
9.700000 -0.000231
9.710000 -0.000195
9.720000 -0.000164
9.730000 -0.000137
9.740000 -0.000114
9.750000 -0.000094
9.760000 -0.000077
9.770000 -0.000062
9.780000 -0.000050
9.790000 -0.000039
9.800000 -0.000031
9.810000 -0.000024
9.820000 -0.000018
9.830000 -0.000014
9.840000 -0.000010
9.850000 -0.000007
9.860000 -0.000005
9.870000 -0.000004
9.880000 -0.000002
9.890000 -0.000002
9.900000 -0.000001
9.910000 -0.000001
9.920000 -0.000000
9.930000 -0.000000
9.940000 -0.000000
9.950000 -0.000000
9.960000 -0.000000
9.970000 -0.000000
9.980000 -0.000000
9.990000 -0.000000
10.000000 -0.000000
