0.000000 0.000000
0.010000 0.000000
0.020000 0.000000
0.030000 0.000000
0.040000 0.000000
0.050000 0.000000
0.060000 0.000000
0.070000 0.000000
0.080000 0.000000
0.090000 0.000000
0.100000 0.000000
0.110000 0.000000
0.120000 0.000000
0.130000 0.000000
0.140000 0.000000
0.150000 0.000000
0.160000 0.000000
0.170000 0.000000
0.180000 0.000000
0.190000 0.000000
0.200000 0.000000
0.210000 0.000000
0.220000 0.000000
0.230000 0.000000
0.240000 0.000000
0.250000 0.000000
0.260000 0.000000
0.270000 0.000000
0.280000 0.000000
0.290000 0.000000
0.300000 0.000000
0.310000 0.000000
0.320000 0.000000
0.330000 0.000000
0.340000 0.000000
0.350000 0.000000
0.360000 0.000000
0.370000 0.000000
0.380000 0.000000
0.390000 0.000000
0.400000 0.000000
0.410000 0.000000
0.420000 0.000000
0.430000 0.000000
0.440000 0.000000
0.450000 0.000000
0.460000 0.000000
0.470000 0.000000
0.480000 0.000000
0.490000 0.000000
0.500000 0.000000
0.510000 0.000000
0.520000 0.000000
0.530000 0.000000
0.540000 0.000000
0.550000 0.000000
0.560000 0.000000
0.570000 0.000000
0.580000 0.000000
0.590000 0.000000
0.600000 0.000000
0.610000 0.000000
0.620000 0.000000
0.630000 0.000000
0.640000 0.000000
0.650000 0.000000
0.660000 0.000000
0.670000 0.000000
0.680000 0.000000
0.690000 0.000000
0.700000 0.000000
0.710000 0.000000
0.720000 0.000000
0.730000 0.000000
0.740000 0.000000
0.750000 0.000000
0.760000 0.000000
0.770000 0.000000
0.780000 0.000000
0.790000 0.000000
0.800000 0.000000
0.810000 0.000000
0.820000 0.000000
0.830000 0.000000
0.840000 0.000000
0.850000 0.000000
0.860000 0.000000
0.870000 0.000000
0.880000 0.000000
0.890000 0.000000
0.900000 0.000000
0.910000 0.000000
0.920000 0.000000
0.930000 0.000000
0.940000 0.000000
0.950000 0.000000
0.960000 0.000000
0.970000 0.000000
0.980000 0.000000
0.990000 0.000000
1.000000 0.000000
1.010000 0.000000
1.020000 0.000000
1.030000 0.000000
1.040000 0.000000
1.050000 0.000000
1.060000 0.000000
1.070000 0.000000
1.080000 0.000000
1.090000 0.000000
1.100000 0.000000
1.110000 0.000000
1.120000 0.000000
1.130000 0.000000
1.140000 0.000000
1.150000 0.000000
1.160000 0.000000
1.170000 0.000001
1.180000 0.000001
1.190000 0.000001
1.200000 0.000001
1.210000 0.000002
1.220000 0.000002
1.230000 0.000002
1.240000 0.000003
1.250000 0.000004
1.260000 0.000005
1.270000 0.000006
1.280000 0.000007
1.290000 0.000009
1.300000 0.000011
1.310000 0.000014
1.320000 0.000017
1.330000 0.000021
1.340000 0.000026
1.350000 0.000032
1.360000 0.000039
1.370000 0.000047
1.380000 0.000057
1.390000 0.000070
1.400000 0.000084
1.410000 0.000101
1.420000 0.000121
1.430000 0.000146
1.440000 0.000174
1.450000 0.000208
1.460000 0.000247
1.470000 0.000294
1.480000 0.000348
1.490000 0.000412
1.500000 0.000486
1.510000 0.000572
1.520000 0.000672
1.530000 0.000788
1.540000 0.000922
1.550000 0.001076
1.560000 0.001253
1.570000 0.001457
1.580000 0.001690
1.590000 0.001957
1.600000 0.002262
1.610000 0.002608
1.620000 0.003002
1.630000 0.003448
1.640000 0.003953
1.650000 0.004523
1.660000 0.005165
1.670000 0.005888
1.680000 0.006699
1.690000 0.007607
1.700000 0.008622
1.710000 0.009755
1.720000 0.011016
1.730000 0.012418
1.740000 0.013972
1.750000 0.015693
1.760000 0.017595
1.770000 0.019691
1.780000 0.021999
1.790000 0.024533
1.800000 0.027312
1.810000 0.030354
1.820000 0.033675
1.830000 0.037296
1.840000 0.041236
1.850000 0.045515
1.860000 0.050154
1.870000 0.055172
1.880000 0.060591
1.890000 0.066432
1.900000 0.072716
1.910000 0.079463
1.920000 0.086695
1.930000 0.094431
1.940000 0.102690
1.950000 0.111492
1.960000 0.120855
1.970000 0.130794
1.980000 0.141326
1.990000 0.152464
2.000000 0.164221
2.010000 0.176606
2.020000 0.189628
2.030000 0.203294
2.040000 0.217606
2.050000 0.232566
2.060000 0.248172
2.070000 0.264418
2.080000 0.281297
2.090000 0.298797
2.100000 0.316905
2.110000 0.335600
2.120000 0.354863
2.130000 0.374667
2.140000 0.394982
2.150000 0.415777
2.160000 0.437013
2.170000 0.458651
2.180000 0.480647
2.190000 0.502952
2.200000 0.525517
2.210000 0.548285
2.220000 0.571199
2.230000 0.594200
2.240000 0.617223
2.250000 0.640203
2.260000 0.663071
2.270000 0.685759
2.280000 0.708194
2.290000 0.730305
2.300000 0.752017
2.310000 0.773258
2.320000 0.793953
2.330000 0.814030
2.340000 0.833415
2.350000 0.852037
2.360000 0.869828
2.370000 0.886719
2.380000 0.902646
2.390000 0.917546
2.400000 0.931361
2.410000 0.944037
2.420000 0.955521
2.430000 0.965769
2.440000 0.974737
2.450000 0.982389
2.460000 0.988693
2.470000 0.993625
2.480000 0.997162
2.490000 0.999290
2.500000 1.000000
2.510000 0.999290
2.520000 0.997162
2.530000 0.993625
2.540000 0.988693
2.550000 0.982389
2.560000 0.974737
2.570000 0.965769
2.580000 0.955521
2.590000 0.944037
2.600000 0.931361
2.610000 0.917546
2.620000 0.902646
2.630000 0.886719
2.640000 0.869828
2.650000 0.852037
2.660000 0.833415
2.670000 0.814030
2.680000 0.793953
2.690000 0.773258
2.700000 0.752017
2.710000 0.730305
2.720000 0.708194
2.730000 0.685759
2.740000 0.663071
2.750000 0.640203
2.760000 0.617223
2.770000 0.594200
2.780000 0.571199
2.790000 0.548285
2.800000 0.525517
2.810000 0.502952
2.820000 0.480647
2.830000 0.458651
2.840000 0.437013
2.850000 0.415777
2.860000 0.394982
2.870000 0.374667
2.880000 0.354863
2.890000 0.335600
2.900000 0.316905
2.910000 0.298797
2.920000 0.281297
2.930000 0.264418
2.940000 0.248172
2.950000 0.232566
2.960000 0.217606
2.970000 0.203294
2.980000 0.189628
2.990000 0.176606
3.000000 0.164221
3.010000 0.152464
3.020000 0.141326
3.030000 0.130794
3.040000 0.120855
3.050000 0.111492
3.060000 0.102690
3.070000 0.094431
3.080000 0.086695
3.090000 0.079463
3.100000 0.072716
3.110000 0.066432
3.120000 0.060591
3.130000 0.055172
3.140000 0.050153
3.150000 0.045515
3.160000 0.041236
3.170000 0.037296
3.180000 0.033675
3.190000 0.030354
3.200000 0.027312
3.210000 0.024533
3.220000 0.021999
3.230000 0.019691
3.240000 0.017595
3.250000 0.015693
3.260000 0.013972
3.270000 0.012418
3.280000 0.011016
3.290000 0.009755
3.300000 0.008622
3.310000 0.007607
3.320000 0.006699
3.330000 0.005888
3.340000 0.005165
3.350000 0.004523
3.360000 0.003953
3.370000 0.003448
3.380000 0.003002
3.390000 0.002608
3.400000 0.002262
3.410000 0.001957
3.420000 0.001690
3.430000 0.001457
3.440000 0.001253
3.450000 0.001076
3.460000 0.000922
3.470000 0.000788
3.480000 0.000672
3.490000 0.000572
3.500000 0.000486
3.510000 0.000412
3.520000 0.000348
3.530000 0.000294
3.540000 0.000247
3.550000 0.000208
3.560000 0.000174
3.570000 0.000146
3.580000 0.000121
3.590000 0.000101
3.600000 0.000084
3.610000 0.000070
3.620000 0.000057
3.630000 0.000047
3.640000 0.000039
3.650000 0.000032
3.660000 0.000026
3.670000 0.000021
3.680000 0.000017
3.690000 0.000014
3.700000 0.000011
3.710000 0.000009
3.720000 0.000007
3.730000 0.000006
3.740000 0.000005
3.750000 0.000004
3.760000 0.000003
3.770000 0.000002
3.780000 0.000002
3.790000 0.000002
3.800000 0.000001
3.810000 0.000001
3.820000 0.000001
3.830000 0.000001
3.840000 0.000000
3.850000 0.000000
3.860000 0.000000
3.870000 0.000000
3.880000 0.000000
3.890000 0.000000
3.900000 0.000000
3.910000 0.000000
3.920000 0.000000
3.930000 0.000000
3.940000 0.000000
3.950000 0.000000
3.960000 0.000000
3.970000 0.000000
3.980000 0.000000
3.990000 0.000000
4.000000 0.000000
4.010000 0.000000
4.020000 0.000000
4.030000 0.000000
4.040000 0.000000
4.050000 0.000000
4.060000 0.000000
4.070000 0.000000
4.080000 0.000000
4.090000 0.000000
4.100000 0.000000
4.110000 0.000000
4.120000 0.000000
4.130000 0.000000
4.140000 0.000000
4.150000 0.000000
4.160000 0.000000
4.170000 0.000000
4.180000 0.000000
4.190000 0.000000
4.200000 0.000000
4.210000 0.000000
4.220000 0.000000
4.230000 0.000000
4.240000 0.000000
4.250000 0.000000
4.260000 0.000000
4.270000 0.000000
4.280000 0.000000
4.290000 0.000000
4.300000 0.000000
4.310000 0.000000
4.320000 0.000000
4.330000 0.000000
4.340000 0.000000
4.350000 0.000000
4.360000 0.000000
4.370000 0.000000
4.380000 0.000000
4.390000 0.000000
4.400000 0.000000
4.410000 0.000000
4.420000 0.000000
4.430000 0.000000
4.440000 0.000000
4.450000 0.000000
4.460000 0.000000
4.470000 0.000000
4.480000 0.000000
4.490000 0.000000
4.500000 0.000000
4.510000 0.000000
4.520000 0.000000
4.530000 0.000000
4.540000 0.000000
4.550000 0.000000
4.560000 0.000000
4.570000 0.000000
4.580000 0.000000
4.590000 0.000000
4.600000 0.000000
4.610000 0.000000
4.620000 0.000000
4.630000 0.000000
4.640000 0.000000
4.650000 0.000000
4.660000 0.000000
4.670000 0.000000
4.680000 0.000000
4.690000 0.000000
4.700000 0.000000
4.710000 0.000000
4.720000 0.000000
4.730000 0.000000
4.740000 0.000000
4.750000 0.000000
4.760000 0.000000
4.770000 0.000000
4.780000 0.000000
4.790000 0.000000
4.800000 0.000000
4.810000 0.000000
4.820000 0.000000
4.830000 0.000000
4.840000 0.000000
4.850000 0.000000
4.860000 0.000000
4.870000 0.000000
4.880000 0.000000
4.890000 0.000000
4.900000 0.000000
4.910000 0.000000
4.920000 0.000000
4.930000 0.000000
4.940000 0.000000
4.950000 0.000000
4.960000 0.000000
4.970000 0.000000
4.980000 0.000000
4.990000 0.000000
5.000000 0.000000
5.010000 0.000000
5.020000 0.000000
5.030000 0.000000
5.040000 0.000000
5.050000 0.000000
5.060000 0.000000
5.070000 0.000000
5.080000 0.000000
5.090000 0.000000
5.100000 0.000000
5.110000 0.000000
5.120000 0.000000
5.130000 0.000000
5.140000 0.000000
5.150000 0.000000
5.160000 0.000000
5.170000 0.000000
5.180000 0.000000
5.190000 0.000000
5.200000 0.000000
5.210000 0.000000
5.220000 0.000000
5.230000 0.000000
5.240000 0.000000
5.250000 0.000000
5.260000 0.000000
5.270000 0.000000
5.280000 0.000000
5.290000 0.000000
5.300000 0.000000
5.310000 0.000000
5.320000 0.000000
5.330000 0.000000
5.340000 0.000000
5.350000 0.000000
5.360000 0.000000
5.370000 0.000000
5.380000 0.000000
5.390000 0.000000
5.400000 0.000000
5.410000 0.000000
5.420000 0.000000
5.430000 0.000000
5.440000 0.000000
5.450000 0.000000
5.460000 0.000000
5.470000 0.000000
5.480000 0.000000
5.490000 0.000000
5.500000 0.000000
5.510000 0.000000
5.520000 0.000000
5.530000 0.000000
5.540000 0.000000
5.550000 0.000000
5.560000 0.000000
5.570000 0.000000
5.580000 0.000000
5.590000 0.000000
5.600000 0.000000
5.610000 0.000000
5.620000 0.000000
5.630000 0.000000
5.640000 0.000000
5.650000 0.000000
5.660000 0.000000
5.670000 0.000000
5.680000 0.000000
5.690000 0.000000
5.700000 0.000000
5.710000 0.000000
5.720000 0.000000
5.730000 0.000000
5.740000 0.000000
5.750000 0.000000
5.760000 0.000000
5.770000 0.000000
5.780000 0.000000
5.790000 0.000000
5.800000 0.000000
5.810000 0.000000
5.820000 0.000000
5.830000 0.000000
5.840000 0.000000
5.850000 0.000000
5.860000 0.000000
5.870000 0.000000
5.880000 0.000000
5.890000 0.000000
5.900000 0.000000
5.910000 0.000000
5.920000 0.000000
5.930000 0.000000
5.940000 0.000000
5.950000 0.000000
5.960000 0.000000
5.970000 0.000000
5.980000 0.000000
5.990000 0.000000
6.000000 0.000000
6.010000 0.000000
6.020000 0.000000
6.030000 0.000000
6.040000 0.000000
6.050000 0.000000
6.060000 0.000000
6.070000 0.000000
6.080000 0.000000
6.090000 0.000000
6.100000 0.000000
6.110000 0.000000
6.120000 0.000000
6.130000 0.000000
6.140000 0.000000
6.150000 0.000000
6.160000 0.000000
6.170000 0.000001
6.180000 0.000001
6.190000 0.000001
6.200000 0.000001
6.210000 0.000002
6.220000 0.000002
6.230000 0.000002
6.240000 0.000003
6.250000 0.000004
6.260000 0.000005
6.270000 0.000006
6.280000 0.000007
6.290000 0.000009
6.300000 0.000011
6.310000 0.000014
6.320000 0.000017
6.330000 0.000021
6.340000 0.000026
6.350000 0.000032
6.360000 0.000039
6.370000 0.000047
6.380000 0.000057
6.390000 0.000070
6.400000 0.000084
6.410000 0.000101
6.420000 0.000121
6.430000 0.000146
6.440000 0.000174
6.450000 0.000208
6.460000 0.000247
6.470000 0.000294
6.480000 0.000348
6.490000 0.000412
6.500000 0.000486
6.510000 0.000572
6.520000 0.000672
6.530000 0.000788
6.540000 0.000922
6.550000 0.001076
6.560000 0.001253
6.570000 0.001457
6.580000 0.001690
6.590000 0.001957
6.600000 0.002262
6.610000 0.002608
6.620000 0.003002
6.630000 0.003448
6.640000 0.003953
6.650000 0.004523
6.660000 0.005165
6.670000 0.005888
6.680000 0.006699
6.690000 0.007607
6.700000 0.008622
6.710000 0.009755
6.720000 0.011016
6.730000 0.012418
6.740000 0.013972
6.750000 0.015693
6.760000 0.017595
6.770000 0.019691
6.780000 0.021999
6.790000 0.024533
6.800000 0.027313
6.810000 0.030354
6.820000 0.033675
6.830000 0.037296
6.840000 0.041236
6.850000 0.045515
6.860000 0.050154
6.870000 0.055172
6.880000 0.060591
6.890000 0.066432
6.900000 0.072716
6.910000 0.079463
6.920000 0.086695
6.930000 0.094431
6.940000 0.102690
6.950000 0.111492
6.960000 0.120855
6.970000 0.130794
6.980000 0.141326
6.990000 0.152464
7.000000 0.164221
7.010000 0.176606
7.020000 0.189628
7.030000 0.203294
7.040000 0.217606
7.050000 0.232567
7.060000 0.248172
7.070000 0.264418
7.080000 0.281297
7.090000 0.298798
7.100000 0.316905
7.110000 0.335601
7.120000 0.354863
7.130000 0.374667
7.140000 0.394982
7.150000 0.415777
7.160000 0.437013
7.170000 0.458651
7.180000 0.480646
7.190000 0.502952
7.200000 0.525516
7.210000 0.548285
7.220000 0.571199
7.230000 0.594200
7.240000 0.617222
7.250000 0.640203
7.260000 0.663072
7.270000 0.685759
7.280000 0.708195
7.290000 0.730305
7.300000 0.752018
7.310000 0.773258
7.320000 0.793954
7.330000 0.814030
7.340000 0.833415
7.350000 0.852037
7.360000 0.869828
7.370000 0.886719
7.380000 0.902646
7.390000 0.917546
7.400000 0.931361
7.410000 0.944037
7.420000 0.955521
7.430000 0.965768
7.440000 0.974737
7.450000 0.982389
7.460000 0.988693
7.470000 0.993624
7.480000 0.997162
7.490000 0.999290
7.500000 1.000000
7.510000 0.999290
7.520000 0.997162
7.530000 0.993624
7.540000 0.988693
7.550000 0.982389
7.560000 0.974737
7.570000 0.965768
7.580000 0.955521
7.590000 0.944037
7.600000 0.931361
7.610000 0.917546
7.620000 0.902646
7.630000 0.886719
7.640000 0.869828
7.650000 0.852037
7.660000 0.833415
7.670000 0.814030
7.680000 0.793954
7.690000 0.773258
7.700000 0.752018
7.710000 0.730305
7.720000 0.708195
7.730000 0.685759
7.740000 0.663072
7.750000 0.640203
7.760000 0.617222
7.770000 0.594200
7.780000 0.571199
7.790000 0.548285
7.800000 0.525516
7.810000 0.502952
7.820000 0.480646
7.830000 0.458651
7.840000 0.437013
7.850000 0.415777
7.860000 0.394982
7.870000 0.374667
7.880000 0.354863
7.890000 0.335601
7.900000 0.316905
7.910000 0.298798
7.920000 0.281297
7.930000 0.264418
7.940000 0.248172
7.950000 0.232567
7.960000 0.217606
7.970000 0.203294
7.980000 0.189628
7.990000 0.176606
8.000000 0.164221
8.010000 0.152464
8.020000 0.141326
8.030000 0.130795
8.040000 0.120855
8.050000 0.111492
8.060000 0.102690
8.070000 0.094431
8.080000 0.086695
8.090000 0.079463
8.100000 0.072715
8.110000 0.066432
8.120000 0.060591
8.130000 0.055172
8.140000 0.050153
8.150000 0.045515
8.160000 0.041236
8.170000 0.037296
8.180000 0.033675
8.190000 0.030354
8.200000 0.027313
8.210000 0.024533
8.220000 0.021999
8.230000 0.019691
8.240000 0.017595
8.250000 0.015693
8.260000 0.013972
8.270000 0.012418
8.280000 0.011016
8.290000 0.009755
8.300000 0.008622
8.310000 0.007607
8.320000 0.006699
8.330000 0.005888
8.340000 0.005165
8.350000 0.004523
8.360000 0.003953
8.370000 0.003448
8.380000 0.003002
8.390000 0.002608
8.400000 0.002262
8.410000 0.001957
8.420000 0.001690
8.430000 0.001457
8.440000 0.001253
8.450000 0.001076
8.460000 0.000922
8.470000 0.000788
8.480000 0.000672
8.490000 0.000572
8.500000 0.000486
8.510000 0.000412
8.520000 0.000348
8.530000 0.000294
8.540000 0.000247
8.550000 0.000208
8.560000 0.000174
8.570000 0.000146
8.580000 0.000121
8.590000 0.000101
8.600000 0.000084
8.610000 0.000070
8.620000 0.000057
8.630000 0.000047
8.640000 0.000039
8.650000 0.000032
8.660000 0.000026
8.670000 0.000021
8.680000 0.000017
8.690000 0.000014
8.700000 0.000011
8.710000 0.000009
8.720000 0.000007
8.730000 0.000006
8.740000 0.000005
8.750000 0.000004
8.760000 0.000003
8.770000 0.000002
8.780000 0.000002
8.790000 0.000002
8.800000 0.000001
8.810000 0.000001
8.820000 0.000001
8.830000 0.000001
8.840000 0.000000
8.850000 0.000000
8.860000 0.000000
8.870000 0.000000
8.880000 0.000000
8.890000 0.000000
8.900000 0.000000
8.910000 0.000000
8.920000 0.000000
8.930000 0.000000
8.940000 0.000000
8.950000 0.000000
8.960000 0.000000
8.970000 0.000000
8.980000 0.000000
8.990000 0.000000
9.000000 0.000000
9.010000 0.000000
9.020000 0.000000
9.030000 0.000000
9.040000 0.000000
9.050000 0.000000
9.060000 0.000000
9.070000 0.000000
9.080000 0.000000
9.090000 0.000000
9.100000 0.000000
9.110000 0.000000
9.120000 0.000000
9.130000 0.000000
9.140000 0.000000
9.150000 0.000000
9.160000 0.000000
9.170000 0.000000
9.180000 0.000000
9.190000 0.000000
9.200000 0.000000
9.210000 0.000000
9.220000 0.000000
9.230000 0.000000
9.240000 0.000000
9.250000 0.000000
9.260000 0.000000
9.270000 0.000000
9.280000 0.000000
9.290000 0.000000
9.300000 0.000000
9.310000 0.000000
9.320000 0.000000
9.330000 0.000000
9.340000 0.000000
9.350000 0.000000
9.360000 0.000000
9.370000 0.000000
9.380000 0.000000
9.390000 0.000000
9.400000 0.000000
9.410000 0.000000
9.420000 0.000000
9.430000 0.000000
9.440000 0.000000
9.450000 0.000000
9.460000 0.000000
9.470000 0.000000
9.480000 0.000000
9.490000 0.000000
9.500000 0.000000
9.510000 0.000000
9.520000 0.000000
9.530000 0.000000
9.540000 0.000000
9.550000 0.000000
9.560000 0.000000
9.570000 0.000000
9.580000 0.000000
9.590000 0.000000
9.600000 0.000000
9.610000 0.000000
9.620000 0.000000
9.630000 0.000000
9.640000 0.000000
9.650000 0.000000
9.660000 0.000000
9.670000 0.000000
9.680000 0.000000
9.690000 0.000000
9.700000 0.000000
9.710000 0.000000
9.720000 0.000000
9.730000 0.000000
9.740000 0.000000
9.750000 0.000000
9.760000 0.000000
9.770000 0.000000
9.780000 0.000000
9.790000 0.000000
9.800000 0.000000
9.810000 0.000000
9.820000 0.000000
9.830000 0.000000
9.840000 0.000000
9.850000 0.000000
9.860000 0.000000
9.870000 0.000000
9.880000 0.000000
9.890000 0.000000
9.900000 0.000000
9.910000 0.000000
9.920000 0.000000
9.930000 0.000000
9.940000 0.000000
9.950000 0.000000
9.960000 0.000000
9.970000 0.000000
9.980000 0.000000
9.990000 0.000000
10.000000 0.000000
