0.000000 0.000000
0.010000 0.000039
0.020000 0.000158
0.030000 0.000355
0.040000 0.000632
0.050000 0.000987
0.060000 0.001421
0.070000 0.001933
0.080000 0.002524
0.090000 0.003194
0.100000 0.003943
0.110000 0.004769
0.120000 0.005674
0.130000 0.006657
0.140000 0.007718
0.150000 0.008856
0.160000 0.010072
0.170000 0.011366
0.180000 0.012737
0.190000 0.014184
0.200000 0.015708
0.210000 0.017309
0.220000 0.018986
0.230000 0.020739
0.240000 0.022568
0.250000 0.024472
0.260000 0.026451
0.270000 0.028505
0.280000 0.030633
0.290000 0.032836
0.300000 0.035112
0.310000 0.037461
0.320000 0.039884
0.330000 0.042379
0.340000 0.044947
0.350000 0.047586
0.360000 0.050297
0.370000 0.053079
0.380000 0.055932
0.390000 0.058854
0.400000 0.061847
0.410000 0.064908
0.420000 0.068038
0.430000 0.071237
0.440000 0.074503
0.450000 0.077836
0.460000 0.081236
0.470000 0.084702
0.480000 0.088234
0.490000 0.091830
0.500000 0.095492
0.510000 0.099217
0.520000 0.103005
0.530000 0.106856
0.540000 0.110769
0.550000 0.114743
0.560000 0.118779
0.570000 0.122874
0.580000 0.127029
0.590000 0.131243
0.600000 0.135516
0.610000 0.139845
0.620000 0.144232
0.630000 0.148675
0.640000 0.153173
0.650000 0.157726
0.660000 0.162334
0.670000 0.166994
0.680000 0.171707
0.690000 0.176472
0.700000 0.181288
0.710000 0.186154
0.720000 0.191070
0.730000 0.196035
0.740000 0.201048
0.750000 0.206107
0.760000 0.211214
0.770000 0.216366
0.780000 0.221562
0.790000 0.226803
0.800000 0.232087
0.810000 0.237413
0.820000 0.242780
0.830000 0.248188
0.840000 0.253636
0.850000 0.259123
0.860000 0.264648
0.870000 0.270210
0.880000 0.275808
0.890000 0.281442
0.900000 0.287110
0.910000 0.292812
0.920000 0.298547
0.930000 0.304313
0.940000 0.310110
0.950000 0.315938
0.960000 0.321794
0.970000 0.327679
0.980000 0.333590
0.990000 0.339528
1.000000 0.345491
1.010000 0.351479
1.020000 0.357490
1.030000 0.363524
1.040000 0.369579
1.050000 0.375655
1.060000 0.381750
1.070000 0.387865
1.080000 0.393996
1.090000 0.400145
1.100000 0.406309
1.110000 0.412488
1.120000 0.418681
1.130000 0.424887
1.140000 0.431105
1.150000 0.437333
1.160000 0.443572
1.170000 0.449819
1.180000 0.456074
1.190000 0.462337
1.200000 0.468605
1.210000 0.474878
1.220000 0.481155
1.230000 0.487435
1.240000 0.493717
1.250000 0.500000
1.260000 0.506283
1.270000 0.512565
1.280000 0.518845
1.290000 0.525122
1.300000 0.531395
1.310000 0.537663
1.320000 0.543926
1.330000 0.550181
1.340000 0.556428
1.350000 0.562667
1.360000 0.568895
1.370000 0.575113
1.380000 0.581319
1.390000 0.587512
1.400000 0.593691
1.410000 0.599855
1.420000 0.606004
1.430000 0.612135
1.440000 0.618250
1.450000 0.624345
1.460000 0.630421
1.470000 0.636476
1.480000 0.642510
1.490000 0.648521
1.500000 0.654508
1.510000 0.660472
1.520000 0.666410
1.530000 0.672321
1.540000 0.678206
1.550000 0.684062
1.560000 0.689889
1.570000 0.695687
1.580000 0.701453
1.590000 0.707188
1.600000 0.712890
1.610000 0.718558
1.620000 0.724192
1.630000 0.729790
1.640000 0.735352
1.650000 0.740877
1.660000 0.746364
1.670000 0.751812
1.680000 0.757220
1.690000 0.762587
1.700000 0.767913
1.710000 0.773197
1.720000 0.778438
1.730000 0.783634
1.740000 0.788786
1.750000 0.793893
1.760000 0.798952
1.770000 0.803965
1.780000 0.808930
1.790000 0.813846
1.800000 0.818712
1.810000 0.823528
1.820000 0.828293
1.830000 0.833006
1.840000 0.837666
1.850000 0.842274
1.860000 0.846827
1.870000 0.851325
1.880000 0.855768
1.890000 0.860155
1.900000 0.864484
1.910000 0.868757
1.920000 0.872971
1.930000 0.877126
1.940000 0.881221
1.950000 0.885257
1.960000 0.889231
1.970000 0.893144
1.980000 0.896995
1.990000 0.900783
2.000000 0.904508
2.010000 0.908170
2.020000 0.911766
2.030000 0.915298
2.040000 0.918764
2.050000 0.922164
2.060000 0.925497
2.070000 0.928763
2.080000 0.931962
2.090000 0.935092
2.100000 0.938153
2.110000 0.941146
2.120000 0.944068
2.130000 0.946921
2.140000 0.949703
2.150000 0.952414
2.160000 0.955053
2.170000 0.957621
2.180000 0.960116
2.190000 0.962539
2.200000 0.964888
2.210000 0.967164
2.220000 0.969367
2.230000 0.971495
2.240000 0.973549
2.250000 0.975528
2.260000 0.977432
2.270000 0.979261
2.280000 0.981014
2.290000 0.982691
2.300000 0.984292
2.310000 0.985816
2.320000 0.987263
2.330000 0.988634
2.340000 0.989928
2.350000 0.991144
2.360000 0.992282
2.370000 0.993343
2.380000 0.994326
2.390000 0.995231
2.400000 0.996057
2.410000 0.996806
2.420000 0.997476
2.430000 0.998067
2.440000 0.998579
2.450000 0.999013
2.460000 0.999368
2.470000 0.999645
2.480000 0.999842
2.490000 0.999961
2.500000 1.000000
2.510000 0.999961
2.520000 0.999842
2.530000 0.999645
2.540000 0.999368
2.550000 0.999013
2.560000 0.998579
2.570000 0.998067
2.580000 0.997476
2.590000 0.996806
2.600000 0.996057
2.610000 0.995231
2.620000 0.994326
2.630000 0.993343
2.640000 0.992282
2.650000 0.991144
2.660000 0.989928
2.670000 0.988634
2.680000 0.987263
2.690000 0.985816
2.700000 0.984292
2.710000 0.982691
2.720000 0.981014
2.730000 0.979261
2.740000 0.977432
2.750000 0.975528
2.760000 0.973549
2.770000 0.971495
2.780000 0.969367
2.790000 0.967164
2.800000 0.964888
2.810000 0.962539
2.820000 0.960116
2.830000 0.957621
2.840000 0.955053
2.850000 0.952414
2.860000 0.949703
2.870000 0.946921
2.880000 0.944068
2.890000 0.941146
2.900000 0.938153
2.910000 0.935092
2.920000 0.931962
2.930000 0.928763
2.940000 0.925497
2.950000 0.922164
2.960000 0.918764
2.970000 0.915298
2.980000 0.911766
2.990000 0.908170
3.000000 0.904508
3.010000 0.900783
3.020000 0.896995
3.030000 0.893144
3.040000 0.889231
3.050000 0.885257
3.060000 0.881221
3.070000 0.877126
3.080000 0.872971
3.090000 0.868757
3.100000 0.864484
3.110000 0.860155
3.120000 0.855768
3.130000 0.851325
3.140000 0.846827
3.150000 0.842274
3.160000 0.837666
3.170000 0.833006
3.180000 0.828293
3.190000 0.823528
3.200000 0.818712
3.210000 0.813846
3.220000 0.808930
3.230000 0.803965
3.240000 0.798952
3.250000 0.793893
3.260000 0.788786
3.270000 0.783634
3.280000 0.778438
3.290000 0.773197
3.300000 0.767913
3.310000 0.762587
3.320000 0.757220
3.330000 0.751812
3.340000 0.746364
3.350000 0.740877
3.360000 0.735352
3.370000 0.729790
3.380000 0.724192
3.390000 0.718558
3.400000 0.712890
3.410000 0.707188
3.420000 0.701453
3.430000 0.695687
3.440000 0.689889
3.450000 0.684062
3.460000 0.678206
3.470000 0.672321
3.480000 0.666410
3.490000 0.660472
3.500000 0.654508
3.510000 0.648521
3.520000 0.642510
3.530000 0.636476
3.540000 0.630421
3.550000 0.624345
3.560000 0.618250
3.570000 0.612135
3.580000 0.606004
3.590000 0.599855
3.600000 0.593691
3.610000 0.587512
3.620000 0.581319
3.630000 0.575113
3.640000 0.568895
3.650000 0.562667
3.660000 0.556428
3.670000 0.550181
3.680000 0.543926
3.690000 0.537663
3.700000 0.531395
3.710000 0.525122
3.720000 0.518845
3.730000 0.512565
3.740000 0.506283
3.750000 0.500000
3.760000 0.493717
3.770000 0.487435
3.780000 0.481155
3.790000 0.474878
3.800000 0.468605
3.810000 0.462337
3.820000 0.456074
3.830000 0.449819
3.840000 0.443572
3.850000 0.437333
3.860000 0.431105
3.870000 0.424887
3.880000 0.418681
3.890000 0.412488
3.900000 0.406309
3.910000 0.400145
3.920000 0.393996
3.930000 0.387865
3.940000 0.381750
3.950000 0.375655
3.960000 0.369579
3.970000 0.363524
3.980000 0.357490
3.990000 0.351479
4.000000 0.345491
4.010000 0.339528
4.020000 0.333590
4.030000 0.327678
4.040000 0.321794
4.050000 0.315938
4.060000 0.310110
4.070000 0.304313
4.080000 0.298547
4.090000 0.292812
4.100000 0.287110
4.110000 0.281442
4.120000 0.275808
4.130000 0.270210
4.140000 0.264648
4.150000 0.259123
4.160000 0.253636
4.170000 0.248188
4.180000 0.242780
4.190000 0.237413
4.200000 0.232087
4.210000 0.226803
4.220000 0.221562
4.230000 0.216366
4.240000 0.211214
4.250000 0.206107
4.260000 0.201047
4.270000 0.196035
4.280000 0.191070
4.290000 0.186154
4.300000 0.181288
4.310000 0.176472
4.320000 0.171707
4.330000 0.166994
4.340000 0.162334
4.350000 0.157726
4.360000 0.153173
4.370000 0.148675
4.380000 0.144232
4.390000 0.139846
4.400000 0.135516
4.410000 0.131244
4.420000 0.127029
4.430000 0.122874
4.440000 0.118779
4.450000 0.114743
4.460000 0.110769
4.470000 0.106856
4.480000 0.103005
4.490000 0.099217
4.500000 0.095492
4.510000 0.091830
4.520000 0.088234
4.530000 0.084702
4.540000 0.081236
4.550000 0.077836
4.560000 0.074503
4.570000 0.071237
4.580000 0.068038
4.590000 0.064908
4.600000 0.061847
4.610000 0.058854
4.620000 0.055932
4.630000 0.053079
4.640000 0.050297
4.650000 0.047586
4.660000 0.044947
4.670000 0.042379
4.680000 0.039884
4.690000 0.037461
4.700000 0.035112
4.710000 0.032836
4.720000 0.030633
4.730000 0.028505
4.740000 0.026451
4.750000 0.024472
4.760000 0.022568
4.770000 0.020739
4.780000 0.018986
4.790000 0.017309
4.800000 0.015708
4.810000 0.014184
4.820000 0.012737
4.830000 0.011366
4.840000 0.010072
4.850000 0.008856
4.860000 0.007718
4.870000 0.006657
4.880000 0.005674
4.890000 0.004769
4.900000 0.003943
4.910000 0.003194
4.920000 0.002524
4.930000 0.001933
4.940000 0.001421
4.950000 0.000987
4.960000 0.000632
4.970000 0.000355
4.980000 0.000158
4.990000 0.000039
5.000000 0.000000
5.010000 0.000039
5.020000 0.000158
5.030000 0.000355
5.040000 0.000632
5.050000 0.000987
5.060000 0.001421
5.070000 0.001933
5.080000 0.002524
5.090000 0.003194
5.100000 0.003943
5.110000 0.004769
5.120000 0.005674
5.130000 0.006657
5.140000 0.007718
5.150000 0.008856
5.160000 0.010072
5.170000 0.011366
5.180000 0.012737
5.190000 0.014184
5.200000 0.015708
5.210000 0.017309
5.220000 0.018986
5.230000 0.020739
5.240000 0.022568
5.250000 0.024472
5.260000 0.026451
5.270000 0.028505
5.280000 0.030633
5.290000 0.032836
5.300000 0.035112
5.310000 0.037461
5.320000 0.039884
5.330000 0.042379
5.340000 0.044947
5.350000 0.047586
5.360000 0.050297
5.370000 0.053079
5.380000 0.055932
5.390000 0.058854
5.400000 0.061847
5.410000 0.064908
5.420000 0.068038
5.430000 0.071237
5.440000 0.074503
5.450000 0.077836
5.460000 0.081236
5.470000 0.084702
5.480000 0.088234
5.490000 0.091830
5.500000 0.095492
5.510000 0.099217
5.520000 0.103005
5.530000 0.106856
5.540000 0.110769
5.550000 0.114743
5.560000 0.118779
5.570000 0.122874
5.580000 0.127029
5.590000 0.131244
5.600000 0.135516
5.610000 0.139846
5.620000 0.144232
5.630000 0.148675
5.640000 0.153173
5.650000 0.157726
5.660000 0.162334
5.670000 0.166994
5.680000 0.171707
5.690000 0.176472
5.700000 0.181288
5.710000 0.186154
5.720000 0.191070
5.730000 0.196035
5.740000 0.201047
5.750000 0.206107
5.760000 0.211214
5.770000 0.216366
5.780000 0.221562
5.790000 0.226803
5.800000 0.232087
5.810000 0.237413
5.820000 0.242780
5.830000 0.248188
5.840000 0.253636
5.850000 0.259123
5.860000 0.264648
5.870000 0.270210
5.880000 0.275808
5.890000 0.281442
5.900000 0.287110
5.910000 0.292812
5.920000 0.298547
5.930000 0.304313
5.940000 0.310110
5.950000 0.315938
5.960000 0.321794
5.970000 0.327678
5.980000 0.333590
5.990000 0.339528
6.000000 0.345491
6.010000 0.351479
6.020000 0.357490
6.030000 0.363524
6.040000 0.369579
6.050000 0.375655
6.060000 0.381750
6.070000 0.387865
6.080000 0.393996
6.090000 0.400145
6.100000 0.406309
6.110000 0.412489
6.120000 0.418681
6.130000 0.424887
6.140000 0.431105
6.150000 0.437333
6.160000 0.443572
6.170000 0.449819
6.180000 0.456074
6.190000 0.462337
6.200000 0.468605
6.210000 0.474878
6.220000 0.481155
6.230000 0.487435
6.240000 0.493717
6.250000 0.500000
6.260000 0.506283
6.270000 0.512565
6.280000 0.518845
6.290000 0.525122
6.300000 0.531395
6.310000 0.537663
6.320000 0.543926
6.330000 0.550181
6.340000 0.556428
6.350000 0.562667
6.360000 0.568895
6.370000 0.575113
6.380000 0.581319
6.390000 0.587511
6.400000 0.593691
6.410000 0.599855
6.420000 0.606004
6.430000 0.612135
6.440000 0.618250
6.450000 0.624345
6.460000 0.630421
6.470000 0.636476
6.480000 0.642510
6.490000 0.648521
6.500000 0.654508
6.510000 0.660472
6.520000 0.666410
6.530000 0.672322
6.540000 0.678206
6.550000 0.684062
6.560000 0.689889
6.570000 0.695687
6.580000 0.701453
6.590000 0.707188
6.600000 0.712890
6.610000 0.718558
6.620000 0.724192
6.630000 0.729790
6.640000 0.735352
6.650000 0.740877
6.660000 0.746364
6.670000 0.751812
6.680000 0.757220
6.690000 0.762587
6.700000 0.767913
6.710000 0.773197
6.720000 0.778438
6.730000 0.783634
6.740000 0.788786
6.750000 0.793893
6.760000 0.798953
6.770000 0.803965
6.780000 0.808930
6.790000 0.813846
6.800000 0.818712
6.810000 0.823528
6.820000 0.828293
6.830000 0.833006
6.840000 0.837666
6.850000 0.842274
6.860000 0.846827
6.870000 0.851325
6.880000 0.855768
6.890000 0.860154
6.900000 0.864484
6.910000 0.868756
6.920000 0.872971
6.930000 0.877126
6.940000 0.881221
6.950000 0.885257
6.960000 0.889231
6.970000 0.893144
6.980000 0.896995
6.990000 0.900783
7.000000 0.904508
7.010000 0.908170
7.020000 0.911766
7.030000 0.915298
7.040000 0.918764
7.050000 0.922164
7.060000 0.925497
7.070000 0.928763
7.080000 0.931962
7.090000 0.935092
7.100000 0.938153
7.110000 0.941146
7.120000 0.944068
7.130000 0.946921
7.140000 0.949703
7.150000 0.952414
7.160000 0.955053
7.170000 0.957621
7.180000 0.960116
7.190000 0.962539
7.200000 0.964888
7.210000 0.967164
7.220000 0.969367
7.230000 0.971495
7.240000 0.973549
7.250000 0.975528
7.260000 0.977432
7.270000 0.979261
7.280000 0.981014
7.290000 0.982691
7.300000 0.984292
7.310000 0.985816
7.320000 0.987263
7.330000 0.988634
7.340000 0.989928
7.350000 0.991144
7.360000 0.992282
7.370000 0.993343
7.380000 0.994326
7.390000 0.995231
7.400000 0.996057
7.410000 0.996806
7.420000 0.997476
7.430000 0.998067
7.440000 0.998579
7.450000 0.999013
7.460000 0.999368
7.470000 0.999645
7.480000 0.999842
7.490000 0.999961
7.500000 1.000000
7.510000 0.999961
7.520000 0.999842
7.530000 0.999645
7.540000 0.999368
7.550000 0.999013
7.560000 0.998579
7.570000 0.998067
7.580000 0.997476
7.590000 0.996806
7.600000 0.996057
7.610000 0.995231
7.620000 0.994326
7.630000 0.993343
7.640000 0.992282
7.650000 0.991144
7.660000 0.989928
7.670000 0.988634
7.680000 0.987263
7.690000 0.985816
7.700000 0.984292
7.710000 0.982691
7.720000 0.981014
7.730000 0.979261
7.740000 0.977432
7.750000 0.975528
7.760000 0.973549
7.770000 0.971495
7.780000 0.969367
7.790000 0.967164
7.800000 0.964888
7.810000 0.962539
7.820000 0.960116
7.830000 0.957621
7.840000 0.955053
7.850000 0.952414
7.860000 0.949703
7.870000 0.946921
7.880000 0.944068
7.890000 0.941146
7.900000 0.938153
7.910000 0.935092
7.920000 0.931962
7.930000 0.928763
7.940000 0.925497
7.950000 0.922164
7.960000 0.918764
7.970000 0.915298
7.980000 0.911766
7.990000 0.908170
8.000000 0.904508
8.010000 0.900783
8.020000 0.896995
8.030000 0.893144
8.040000 0.889231
8.050000 0.885257
8.060000 0.881221
8.070000 0.877126
8.080000 0.872971
8.090000 0.868756
8.100000 0.864484
8.110000 0.860155
8.120000 0.855768
8.130000 0.851325
8.140000 0.846826
8.150000 0.842274
8.160000 0.837666
8.170000 0.833006
8.180000 0.828293
8.190000 0.823528
8.200000 0.818712
8.210000 0.813846
8.220000 0.808930
8.230000 0.803965
8.240000 0.798953
8.250000 0.793893
8.260000 0.788786
8.270000 0.783634
8.280000 0.778438
8.290000 0.773197
8.300000 0.767913
8.310000 0.762587
8.320000 0.757220
8.330000 0.751812
8.340000 0.746364
8.350000 0.740877
8.360000 0.735352
8.370000 0.729790
8.380000 0.724192
8.390000 0.718558
8.400000 0.712890
8.410000 0.707188
8.420000 0.701453
8.430000 0.695687
8.440000 0.689890
8.450000 0.684062
8.460000 0.678206
8.470000 0.672321
8.480000 0.666410
8.490000 0.660472
8.500000 0.654508
8.510000 0.648521
8.520000 0.642509
8.530000 0.636476
8.540000 0.630421
8.550000 0.624345
8.560000 0.618249
8.570000 0.612136
8.580000 0.606004
8.590000 0.599855
8.600000 0.593690
8.610000 0.587512
8.620000 0.581319
8.630000 0.575113
8.640000 0.568895
8.650000 0.562667
8.660000 0.556428
8.670000 0.550181
8.680000 0.543925
8.690000 0.537664
8.700000 0.531395
8.710000 0.525122
8.720000 0.518845
8.730000 0.512565
8.740000 0.506283
8.750000 0.500000
8.760000 0.493717
8.770000 0.487435
8.780000 0.481155
8.790000 0.474878
8.800000 0.468605
8.810000 0.462336
8.820000 0.456075
8.830000 0.449819
8.840000 0.443572
8.850000 0.437333
8.860000 0.431105
8.870000 0.424887
8.880000 0.418681
8.890000 0.412488
8.900000 0.406310
8.910000 0.400145
8.920000 0.393996
8.930000 0.387864
8.940000 0.381751
8.950000 0.375655
8.960000 0.369579
8.970000 0.363524
8.980000 0.357491
8.990000 0.351479
9.000000 0.345491
9.010000 0.339528
9.020000 0.333590
9.030000 0.327679
9.040000 0.321794
9.050000 0.315938
9.060000 0.310110
9.070000 0.304313
9.080000 0.298547
9.090000 0.292812
9.100000 0.287110
9.110000 0.281442
9.120000 0.275808
9.130000 0.270210
9.140000 0.264648
9.150000 0.259123
9.160000 0.253636
9.170000 0.248188
9.180000 0.242780
9.190000 0.237413
9.200000 0.232087
9.210000 0.226803
9.220000 0.221562
9.230000 0.216366
9.240000 0.211214
9.250000 0.206107
9.260000 0.201047
9.270000 0.196035
9.280000 0.191070
9.290000 0.186154
9.300000 0.181288
9.310000 0.176472
9.320000 0.171707
9.330000 0.166994
9.340000 0.162334
9.350000 0.157726
9.360000 0.153174
9.370000 0.148675
9.380000 0.144232
9.390000 0.139845
9.400000 0.135516
9.410000 0.131244
9.420000 0.127029
9.430000 0.122874
9.440000 0.118779
9.450000 0.114743
9.460000 0.110769
9.470000 0.106856
9.480000 0.103005
9.490000 0.099217
9.500000 0.095492
9.510000 0.091830
9.520000 0.088234
9.530000 0.084702
9.540000 0.081236
9.550000 0.077836
9.560000 0.074503
9.570000 0.071237
9.580000 0.068038
9.590000 0.064908
9.600000 0.061847
9.610000 0.058854
9.620000 0.055932
9.630000 0.053079
9.640000 0.050297
9.650000 0.047587
9.660000 0.044947
9.670000 0.042379
9.680000 0.039884
9.690000 0.037461
9.700000 0.035112
9.710000 0.032836
9.720000 0.030633
9.730000 0.028505
9.740000 0.026451
9.750000 0.024472
9.760000 0.022568
9.770000 0.020739
9.780000 0.018986
9.790000 0.017309
9.800000 0.015708
9.810000 0.014184
9.820000 0.012737
9.830000 0.011366
9.840000 0.010072
9.850000 0.008856
9.860000 0.007718
9.870000 0.006657
9.880000 0.005674
9.890000 0.004769
9.900000 0.003943
9.910000 0.003194
9.920000 0.002524
9.930000 0.001933
9.940000 0.001421
9.950000 0.000987
9.960000 0.000632
9.970000 0.000355
9.980000 0.000158
9.990000 0.000039
10.000000 0.000000
