0.000000 0.000000
0.010000 0.000000
0.020000 0.000000
0.030000 0.000000
0.040000 0.000000
0.050000 0.000000
0.060000 0.000000
0.070000 0.000000
0.080000 0.000000
0.090000 0.000000
0.100000 0.000000
0.110000 0.000000
0.120000 0.000000
0.130000 0.000000
0.140000 0.000000
0.150000 0.000000
0.160000 0.000000
0.170000 0.000000
0.180000 0.000000
0.190000 0.000000
0.200000 0.000000
0.210000 0.000000
0.220000 0.000000
0.230000 0.000000
0.240000 0.000000
0.250000 0.000000
0.260000 0.000000
0.270000 0.000000
0.280000 0.000000
0.290000 0.000000
0.300000 0.000000
0.310000 0.000000
0.320000 0.000000
0.330000 0.000000
0.340000 0.000000
0.350000 0.000000
0.360000 0.000000
0.370000 0.000000
0.380000 0.000000
0.390000 0.000000
0.400000 0.000000
0.410000 0.000000
0.420000 0.000000
0.430000 0.000000
0.440000 0.000000
0.450000 0.000000
0.460000 0.000000
0.470000 0.000000
0.480000 0.000000
0.490000 0.000000
0.500000 0.000000
0.510000 0.000000
0.520000 0.000000
0.530000 0.000000
0.540000 0.000000
0.550000 0.000000
0.560000 0.000000
0.570000 0.000000
0.580000 0.000000
0.590000 0.000000
0.600000 0.000000
0.610000 0.000000
0.620000 0.000000
0.630000 0.000000
0.640000 0.000000
0.650000 0.000000
0.660000 0.000000
0.670000 0.000000
0.680000 0.000000
0.690000 0.000000
0.700000 0.000000
0.710000 0.000000
0.720000 0.000000
0.730000 0.000000
0.740000 0.000000
0.750000 0.000000
0.760000 0.000000
0.770000 0.000000
0.780000 0.000000
0.790000 0.000000
0.800000 0.000000
0.810000 0.000000
0.820000 0.000000
0.830000 0.000000
0.840000 0.000000
0.850000 0.000000
0.860000 0.000000
0.870000 0.000000
0.880000 0.000000
0.890000 0.000000
0.900000 0.000000
0.910000 0.000000
0.920000 0.000000
0.930000 0.000000
0.940000 0.000000
0.950000 0.000000
0.960000 0.000000
0.970000 0.000000
0.980000 0.000000
0.990000 0.000000
1.000000 0.000000
1.010000 0.000000
1.020000 0.000000
1.030000 0.000000
1.040000 0.000000
1.050000 0.000000
1.060000 0.000000
1.070000 0.000000
1.080000 0.000000
1.090000 0.000000
1.100000 0.000000
1.110000 0.000000
1.120000 0.000000
1.130000 0.000000
1.140000 0.000000
1.150000 0.000000
1.160000 0.000000
1.170000 0.000000
1.180000 0.000000
1.190000 0.000000
1.200000 0.000000
1.210000 0.000000
1.220000 0.000000
1.230000 0.000000
1.240000 0.000000
1.250000 0.000000
1.260000 0.000000
1.270000 0.000000
1.280000 0.000000
1.290000 0.000001
1.300000 0.000001
1.310000 0.000001
1.320000 0.000001
1.330000 0.000001
1.340000 0.000002
1.350000 0.000002
1.360000 0.000003
1.370000 0.000004
1.380000 0.000005
1.390000 0.000006
1.400000 0.000008
1.410000 0.000010
1.420000 0.000013
1.430000 0.000016
1.440000 0.000020
1.450000 0.000025
1.460000 0.000031
1.470000 0.000038
1.480000 0.000048
1.490000 0.000059
1.500000 0.000072
1.510000 0.000088
1.520000 0.000108
1.530000 0.000132
1.540000 0.000161
1.550000 0.000195
1.560000 0.000236
1.570000 0.000285
1.580000 0.000343
1.590000 0.000412
1.600000 0.000493
1.610000 0.000589
1.620000 0.000703
1.630000 0.000836
1.640000 0.000991
1.650000 0.001173
1.660000 0.001385
1.670000 0.001631
1.680000 0.001916
1.690000 0.002247
1.700000 0.002627
1.710000 0.003066
1.720000 0.003569
1.730000 0.004145
1.740000 0.004804
1.750000 0.005554
1.760000 0.006408
1.770000 0.007376
1.780000 0.008472
1.790000 0.009709
1.800000 0.011103
1.810000 0.012670
1.820000 0.014426
1.830000 0.016390
1.840000 0.018582
1.850000 0.021023
1.860000 0.023734
1.870000 0.026739
1.880000 0.030061
1.890000 0.033726
1.900000 0.037760
1.910000 0.042190
1.920000 0.047043
1.930000 0.052347
1.940000 0.058132
1.950000 0.064425
1.960000 0.071257
1.970000 0.078657
1.980000 0.086652
1.990000 0.095271
2.000000 0.104541
2.010000 0.114487
2.020000 0.125135
2.030000 0.136507
2.040000 0.148624
2.050000 0.161504
2.060000 0.175162
2.070000 0.189611
2.080000 0.204860
2.090000 0.220913
2.100000 0.237772
2.110000 0.255434
2.120000 0.273890
2.130000 0.293128
2.140000 0.313128
2.150000 0.333868
2.160000 0.355319
2.170000 0.377445
2.180000 0.400205
2.190000 0.423554
2.200000 0.447438
2.210000 0.471800
2.220000 0.496575
2.230000 0.521694
2.240000 0.547082
2.250000 0.572660
2.260000 0.598343
2.270000 0.624043
2.280000 0.649666
2.290000 0.675119
2.300000 0.700301
2.310000 0.725113
2.320000 0.749452
2.330000 0.773215
2.340000 0.796299
2.350000 0.818603
2.360000 0.840024
2.370000 0.860463
2.380000 0.879826
2.390000 0.898018
2.400000 0.914951
2.410000 0.930542
2.420000 0.944714
2.430000 0.957395
2.440000 0.968521
2.450000 0.978035
2.460000 0.985887
2.470000 0.992037
2.480000 0.996453
2.490000 0.999112
2.500000 1.000000
2.510000 0.999112
2.520000 0.996453
2.530000 0.992037
2.540000 0.985887
2.550000 0.978035
2.560000 0.968521
2.570000 0.957395
2.580000 0.944714
2.590000 0.930542
2.600000 0.914951
2.610000 0.898018
2.620000 0.879826
2.630000 0.860463
2.640000 0.840024
2.650000 0.818603
2.660000 0.796299
2.670000 0.773215
2.680000 0.749452
2.690000 0.725113
2.700000 0.700301
2.710000 0.675119
2.720000 0.649666
2.730000 0.624043
2.740000 0.598343
2.750000 0.572660
2.760000 0.547082
2.770000 0.521694
2.780000 0.496575
2.790000 0.471800
2.800000 0.447438
2.810000 0.423554
2.820000 0.400205
2.830000 0.377445
2.840000 0.355319
2.850000 0.333868
2.860000 0.313128
2.870000 0.293128
2.880000 0.273890
2.890000 0.255434
2.900000 0.237772
2.910000 0.220913
2.920000 0.204860
2.930000 0.189611
2.940000 0.175162
2.950000 0.161504
2.960000 0.148624
2.970000 0.136507
2.980000 0.125135
2.990000 0.114487
3.000000 0.104541
3.010000 0.095271
3.020000 0.086652
3.030000 0.078657
3.040000 0.071257
3.050000 0.064425
3.060000 0.058132
3.070000 0.052347
3.080000 0.047043
3.090000 0.042190
3.100000 0.037760
3.110000 0.033726
3.120000 0.030061
3.130000 0.026739
3.140000 0.023734
3.150000 0.021023
3.160000 0.018582
3.170000 0.016390
3.180000 0.014426
3.190000 0.012670
3.200000 0.011103
3.210000 0.009709
3.220000 0.008472
3.230000 0.007376
3.240000 0.006408
3.250000 0.005554
3.260000 0.004804
3.270000 0.004145
3.280000 0.003569
3.290000 0.003066
3.300000 0.002627
3.310000 0.002247
3.320000 0.001916
3.330000 0.001631
3.340000 0.001385
3.350000 0.001173
3.360000 0.000991
3.370000 0.000836
3.380000 0.000703
3.390000 0.000589
3.400000 0.000493
3.410000 0.000412
3.420000 0.000343
3.430000 0.000285
3.440000 0.000236
3.450000 0.000195
3.460000 0.000161
3.470000 0.000132
3.480000 0.000108
3.490000 0.000088
3.500000 0.000072
3.510000 0.000059
3.520000 0.000048
3.530000 0.000038
3.540000 0.000031
3.550000 0.000025
3.560000 0.000020
3.570000 0.000016
3.580000 0.000013
3.590000 0.000010
3.600000 0.000008
3.610000 0.000006
3.620000 0.000005
3.630000 0.000004
3.640000 0.000003
3.650000 0.000002
3.660000 0.000002
3.670000 0.000001
3.680000 0.000001
3.690000 0.000001
3.700000 0.000001
3.710000 0.000001
3.720000 0.000000
3.730000 0.000000
3.740000 0.000000
3.750000 0.000000
3.760000 0.000000
3.770000 0.000000
3.780000 0.000000
3.790000 0.000000
3.800000 0.000000
3.810000 0.000000
3.820000 0.000000
3.830000 0.000000
3.840000 0.000000
3.850000 0.000000
3.860000 0.000000
3.870000 0.000000
3.880000 0.000000
3.890000 0.000000
3.900000 0.000000
3.910000 0.000000
3.920000 0.000000
3.930000 0.000000
3.940000 0.000000
3.950000 0.000000
3.960000 0.000000
3.970000 0.000000
3.980000 0.000000
3.990000 0.000000
4.000000 0.000000
4.010000 0.000000
4.020000 0.000000
4.030000 0.000000
4.040000 0.000000
4.050000 0.000000
4.060000 0.000000
4.070000 0.000000
4.080000 0.000000
4.090000 0.000000
4.100000 0.000000
4.110000 0.000000
4.120000 0.000000
4.130000 0.000000
4.140000 0.000000
4.150000 0.000000
4.160000 0.000000
4.170000 0.000000
4.180000 0.000000
4.190000 0.000000
4.200000 0.000000
4.210000 0.000000
4.220000 0.000000
4.230000 0.000000
4.240000 0.000000
4.250000 0.000000
4.260000 0.000000
4.270000 0.000000
4.280000 0.000000
4.290000 0.000000
4.300000 0.000000
4.310000 0.000000
4.320000 0.000000
4.330000 0.000000
4.340000 0.000000
4.350000 0.000000
4.360000 0.000000
4.370000 0.000000
4.380000 0.000000
4.390000 0.000000
4.400000 0.000000
4.410000 0.000000
4.420000 0.000000
4.430000 0.000000
4.440000 0.000000
4.450000 0.000000
4.460000 0.000000
4.470000 0.000000
4.480000 0.000000
4.490000 0.000000
4.500000 0.000000
4.510000 0.000000
4.520000 0.000000
4.530000 0.000000
4.540000 0.000000
4.550000 0.000000
4.560000 0.000000
4.570000 0.000000
4.580000 0.000000
4.590000 0.000000
4.600000 0.000000
4.610000 0.000000
4.620000 0.000000
4.630000 0.000000
4.640000 0.000000
4.650000 0.000000
4.660000 0.000000
4.670000 0.000000
4.680000 0.000000
4.690000 0.000000
4.700000 0.000000
4.710000 0.000000
4.720000 0.000000
4.730000 0.000000
4.740000 0.000000
4.750000 0.000000
4.760000 0.000000
4.770000 0.000000
4.780000 0.000000
4.790000 0.000000
4.800000 0.000000
4.810000 0.000000
4.820000 0.000000
4.830000 0.000000
4.840000 0.000000
4.850000 0.000000
4.860000 0.000000
4.870000 0.000000
4.880000 0.000000
4.890000 0.000000
4.900000 0.000000
4.910000 0.000000
4.920000 0.000000
4.930000 0.000000
4.940000 0.000000
4.950000 0.000000
4.960000 0.000000
4.970000 0.000000
4.980000 0.000000
4.990000 0.000000
5.000000 0.000000
5.010000 -0.000000
5.020000 -0.000000
5.030000 -0.000000
5.040000 -0.000000
5.050000 -0.000000
5.060000 -0.000000
5.070000 -0.000000
5.080000 -0.000000
5.090000 -0.000000
5.100000 -0.000000
5.110000 -0.000000
5.120000 -0.000000
5.130000 -0.000000
5.140000 -0.000000
5.150000 -0.000000
5.160000 -0.000000
5.170000 -0.000000
5.180000 -0.000000
5.190000 -0.000000
5.200000 -0.000000
5.210000 -0.000000
5.220000 -0.000000
5.230000 -0.000000
5.240000 -0.000000
5.250000 -0.000000
5.260000 -0.000000
5.270000 -0.000000
5.280000 -0.000000
5.290000 -0.000000
5.300000 -0.000000
5.310000 -0.000000
5.320000 -0.000000
5.330000 -0.000000
5.340000 -0.000000
5.350000 -0.000000
5.360000 -0.000000
5.370000 -0.000000
5.380000 -0.000000
5.390000 -0.000000
5.400000 -0.000000
5.410000 -0.000000
5.420000 -0.000000
5.430000 -0.000000
5.440000 -0.000000
5.450000 -0.000000
5.460000 -0.000000
5.470000 -0.000000
5.480000 -0.000000
5.490000 -0.000000
5.500000 -0.000000
5.510000 -0.000000
5.520000 -0.000000
5.530000 -0.000000
5.540000 -0.000000
5.550000 -0.000000
5.560000 -0.000000
5.570000 -0.000000
5.580000 -0.000000
5.590000 -0.000000
5.600000 -0.000000
5.610000 -0.000000
5.620000 -0.000000
5.630000 -0.000000
5.640000 -0.000000
5.650000 -0.000000
5.660000 -0.000000
5.670000 -0.000000
5.680000 -0.000000
5.690000 -0.000000
5.700000 -0.000000
5.710000 -0.000000
5.720000 -0.000000
5.730000 -0.000000
5.740000 -0.000000
5.750000 -0.000000
5.760000 -0.000000
5.770000 -0.000000
5.780000 -0.000000
5.790000 -0.000000
5.800000 -0.000000
5.810000 -0.000000
5.820000 -0.000000
5.830000 -0.000000
5.840000 -0.000000
5.850000 -0.000000
5.860000 -0.000000
5.870000 -0.000000
5.880000 -0.000000
5.890000 -0.000000
5.900000 -0.000000
5.910000 -0.000000
5.920000 -0.000000
5.930000 -0.000000
5.940000 -0.000000
5.950000 -0.000000
5.960000 -0.000000
5.970000 -0.000000
5.980000 -0.000000
5.990000 -0.000000
6.000000 -0.000000
6.010000 -0.000000
6.020000 -0.000000
6.030000 -0.000000
6.040000 -0.000000
6.050000 -0.000000
6.060000 -0.000000
6.070000 -0.000000
6.080000 -0.000000
6.090000 -0.000000
6.100000 -0.000000
6.110000 -0.000000
6.120000 -0.000000
6.130000 -0.000000
6.140000 -0.000000
6.150000 -0.000000
6.160000 -0.000000
6.170000 -0.000000
6.180000 -0.000000
6.190000 -0.000000
6.200000 -0.000000
6.210000 -0.000000
6.220000 -0.000000
6.230000 -0.000000
6.240000 -0.000000
6.250000 -0.000000
6.260000 -0.000000
6.270000 -0.000000
6.280000 -0.000000
6.290000 -0.000001
6.300000 -0.000001
6.310000 -0.000001
6.320000 -0.000001
6.330000 -0.000001
6.340000 -0.000002
6.350000 -0.000002
6.360000 -0.000003
6.370000 -0.000004
6.380000 -0.000005
6.390000 -0.000006
6.400000 -0.000008
6.410000 -0.000010
6.420000 -0.000013
6.430000 -0.000016
6.440000 -0.000020
6.450000 -0.000025
6.460000 -0.000031
6.470000 -0.000038
6.480000 -0.000048
6.490000 -0.000059
6.500000 -0.000072
6.510000 -0.000088
6.520000 -0.000108
6.530000 -0.000132
6.540000 -0.000161
6.550000 -0.000195
6.560000 -0.000236
6.570000 -0.000285
6.580000 -0.000343
6.590000 -0.000412
6.600000 -0.000493
6.610000 -0.000589
6.620000 -0.000703
6.630000 -0.000836
6.640000 -0.000991
6.650000 -0.001173
6.660000 -0.001385
6.670000 -0.001631
6.680000 -0.001916
6.690000 -0.002247
6.700000 -0.002627
6.710000 -0.003066
6.720000 -0.003569
6.730000 -0.004145
6.740000 -0.004804
6.750000 -0.005554
6.760000 -0.006408
6.770000 -0.007376
6.780000 -0.008472
6.790000 -0.009709
6.800000 -0.011103
6.810000 -0.012670
6.820000 -0.014426
6.830000 -0.016390
6.840000 -0.018582
6.850000 -0.021023
6.860000 -0.023734
6.870000 -0.026739
6.880000 -0.030061
6.890000 -0.033726
6.900000 -0.037760
6.910000 -0.042190
6.920000 -0.047043
6.930000 -0.052347
6.940000 -0.058132
6.950000 -0.064425
6.960000 -0.071257
6.970000 -0.078657
6.980000 -0.086652
6.990000 -0.095271
7.000000 -0.104541
7.010000 -0.114487
7.020000 -0.125135
7.030000 -0.136508
7.040000 -0.148624
7.050000 -0.161504
7.060000 -0.175162
7.070000 -0.189611
7.080000 -0.204860
7.090000 -0.220913
7.100000 -0.237772
7.110000 -0.255434
7.120000 -0.273890
7.130000 -0.293128
7.140000 -0.313128
7.150000 -0.333868
7.160000 -0.355318
7.170000 -0.377445
7.180000 -0.400205
7.190000 -0.423554
7.200000 -0.447437
7.210000 -0.471800
7.220000 -0.496574
7.230000 -0.521694
7.240000 -0.547081
7.250000 -0.572660
7.260000 -0.598344
7.270000 -0.624043
7.280000 -0.649667
7.290000 -0.675119
7.300000 -0.700302
7.310000 -0.725113
7.320000 -0.749452
7.330000 -0.773215
7.340000 -0.796300
7.350000 -0.818603
7.360000 -0.840024
7.370000 -0.860463
7.380000 -0.879826
7.390000 -0.898017
7.400000 -0.914951
7.410000 -0.930542
7.420000 -0.944714
7.430000 -0.957395
7.440000 -0.968521
7.450000 -0.978034
7.460000 -0.985887
7.470000 -0.992037
7.480000 -0.996453
7.490000 -0.999112
7.500000 -1.000000
7.510000 -0.999112
7.520000 -0.996453
7.530000 -0.992037
7.540000 -0.985887
7.550000 -0.978034
7.560000 -0.968521
7.570000 -0.957395
7.580000 -0.944714
7.590000 -0.930542
7.600000 -0.914951
7.610000 -0.898017
7.620000 -0.879826
7.630000 -0.860463
7.640000 -0.840024
7.650000 -0.818603
7.660000 -0.796300
7.670000 -0.773215
7.680000 -0.749452
7.690000 -0.725113
7.700000 -0.700302
7.710000 -0.675119
7.720000 -0.649667
7.730000 -0.624043
7.740000 -0.598344
7.750000 -0.572660
7.760000 -0.547081
7.770000 -0.521694
7.780000 -0.496574
7.790000 -0.471800
7.800000 -0.447437
7.810000 -0.423554
7.820000 -0.400205
7.830000 -0.377445
7.840000 -0.355318
7.850000 -0.333868
7.860000 -0.313128
7.870000 -0.293128
7.880000 -0.273890
7.890000 -0.255434
7.900000 -0.237772
7.910000 -0.220913
7.920000 -0.204860
7.930000 -0.189611
7.940000 -0.175162
7.950000 -0.161504
7.960000 -0.148624
7.970000 -0.136508
7.980000 -0.125135
7.990000 -0.114487
8.000000 -0.104541
8.010000 -0.095271
8.020000 -0.086651
8.030000 -0.078657
8.040000 -0.071257
8.050000 -0.064425
8.060000 -0.058131
8.070000 -0.052347
8.080000 -0.047043
8.090000 -0.042190
8.100000 -0.037760
8.110000 -0.033727
8.120000 -0.030061
8.130000 -0.026739
8.140000 -0.023734
8.150000 -0.021023
8.160000 -0.018582
8.170000 -0.016390
8.180000 -0.014426
8.190000 -0.012670
8.200000 -0.011103
8.210000 -0.009709
8.220000 -0.008472
8.230000 -0.007376
8.240000 -0.006408
8.250000 -0.005554
8.260000 -0.004804
8.270000 -0.004145
8.280000 -0.003569
8.290000 -0.003066
8.300000 -0.002627
8.310000 -0.002247
8.320000 -0.001916
8.330000 -0.001631
8.340000 -0.001385
8.350000 -0.001173
8.360000 -0.000991
8.370000 -0.000836
8.380000 -0.000703
8.390000 -0.000589
8.400000 -0.000493
8.410000 -0.000412
8.420000 -0.000343
8.430000 -0.000285
8.440000 -0.000236
8.450000 -0.000195
8.460000 -0.000161
8.470000 -0.000132
8.480000 -0.000108
8.490000 -0.000088
8.500000 -0.000072
8.510000 -0.000059
8.520000 -0.000048
8.530000 -0.000038
8.540000 -0.000031
8.550000 -0.000025
8.560000 -0.000020
8.570000 -0.000016
8.580000 -0.000013
8.590000 -0.000010
8.600000 -0.000008
8.610000 -0.000006
8.620000 -0.000005
8.630000 -0.000004
8.640000 -0.000003
8.650000 -0.000002
8.660000 -0.000002
8.670000 -0.000001
8.680000 -0.000001
8.690000 -0.000001
8.700000 -0.000001
8.710000 -0.000001
8.720000 -0.000000
8.730000 -0.000000
8.740000 -0.000000
8.750000 -0.000000
8.760000 -0.000000
8.770000 -0.000000
8.780000 -0.000000
8.790000 -0.000000
8.800000 -0.000000
8.810000 -0.000000
8.820000 -0.000000
8.830000 -0.000000
8.840000 -0.000000
8.850000 -0.000000
8.860000 -0.000000
8.870000 -0.000000
8.880000 -0.000000
8.890000 -0.000000
8.900000 -0.000000
8.910000 -0.000000
8.920000 -0.000000
8.930000 -0.000000
8.940000 -0.000000
8.950000 -0.000000
8.960000 -0.000000
8.970000 -0.000000
8.980000 -0.000000
8.990000 -0.000000
9.000000 -0.000000
9.010000 -0.000000
9.020000 -0.000000
9.030000 -0.000000
9.040000 -0.000000
9.050000 -0.000000
9.060000 -0.000000
9.070000 -0.000000
9.080000 -0.000000
9.090000 -0.000000
9.100000 -0.000000
9.110000 -0.000000
9.120000 -0.000000
9.130000 -0.000000
9.140000 -0.000000
9.150000 -0.000000
9.160000 -0.000000
9.170000 -0.000000
9.180000 -0.000000
9.190000 -0.000000
9.200000 -0.000000
9.210000 -0.000000
9.220000 -0.000000
9.230000 -0.000000
9.240000 -0.000000
9.250000 -0.000000
9.260000 -0.000000
9.270000 -0.000000
9.280000 -0.000000
9.290000 -0.000000
9.300000 -0.000000
9.310000 -0.000000
9.320000 -0.000000
9.330000 -0.000000
9.340000 -0.000000
9.350000 -0.000000
9.360000 -0.000000
9.370000 -0.000000
9.380000 -0.000000
9.390000 -0.000000
9.400000 -0.000000
9.410000 -0.000000
9.420000 -0.000000
9.430000 -0.000000
9.440000 -0.000000
9.450000 -0.000000
9.460000 -0.000000
9.470000 -0.000000
9.480000 -0.000000
9.490000 -0.000000
9.500000 -0.000000
9.510000 -0.000000
9.520000 -0.000000
9.530000 -0.000000
9.540000 -0.000000
9.550000 -0.000000
9.560000 -0.000000
9.570000 -0.000000
9.580000 -0.000000
9.590000 -0.000000
9.600000 -0.000000
9.610000 -0.000000
9.620000 -0.000000
9.630000 -0.000000
9.640000 -0.000000
9.650000 -0.000000
9.660000 -0.000000
9.670000 -0.000000
9.680000 -0.000000
9.690000 -0.000000
9.700000 -0.000000
9.710000 -0.000000
9.720000 -0.000000
9.730000 -0.000000
9.740000 -0.000000
9.750000 -0.000000
9.760000 -0.000000
9.770000 -0.000000
9.780000 -0.000000
9.790000 -0.000000
9.800000 -0.000000
9.810000 -0.000000
9.820000 -0.000000
9.830000 -0.000000
9.840000 -0.000000
9.850000 -0.000000
9.860000 -0.000000
9.870000 -0.000000
9.880000 -0.000000
9.890000 -0.000000
9.900000 -0.000000
9.910000 -0.000000
9.920000 -0.000000
9.930000 -0.000000
9.940000 -0.000000
9.950000 -0.000000
9.960000 -0.000000
9.970000 -0.000000
9.980000 -0.000000
9.990000 -0.000000
10.000000 -0.000000
