0.000000 0.000000
0.010000 0.000000
0.020000 0.000000
0.030000 0.000000
0.040000 0.000000
0.050000 0.000000
0.060000 0.000000
0.070000 0.000000
0.080000 0.000000
0.090000 0.000000
0.100000 0.000000
0.110000 0.000000
0.120000 0.000000
0.130000 0.000000
0.140000 0.000000
0.150000 0.000000
0.160000 0.000000
0.170000 0.000000
0.180000 0.000000
0.190000 0.000000
0.200000 0.000000
0.210000 0.000000
0.220000 0.000000
0.230000 0.000000
0.240000 0.000000
0.250000 0.000000
0.260000 0.000000
0.270000 0.000000
0.280000 0.000000
0.290000 0.000000
0.300000 0.000000
0.310000 0.000000
0.320000 0.000000
0.330000 0.000000
0.340000 0.000000
0.350000 0.000000
0.360000 0.000000
0.370000 0.000000
0.380000 0.000000
0.390000 0.000000
0.400000 0.000000
0.410000 0.000000
0.420000 0.000000
0.430000 0.000000
0.440000 0.000000
0.450000 0.000000
0.460000 0.000000
0.470000 0.000000
0.480000 0.000000
0.490000 0.000000
0.500000 0.000000
0.510000 0.000000
0.520000 0.000000
0.530000 0.000000
0.540000 0.000000
0.550000 0.000000
0.560000 0.000000
0.570000 0.000000
0.580000 0.000000
0.590000 0.000000
0.600000 0.000000
0.610000 0.000000
0.620000 0.000000
0.630000 0.000000
0.640000 0.000000
0.650000 0.000000
0.660000 0.000000
0.670000 0.000000
0.680000 0.000000
0.690000 0.000000
0.700000 0.000000
0.710000 0.000000
0.720000 0.000000
0.730000 0.000000
0.740000 0.000000
0.750000 0.000000
0.760000 0.000000
0.770000 0.000000
0.780000 0.000001
0.790000 0.000001
0.800000 0.000001
0.810000 0.000001
0.820000 0.000001
0.830000 0.000002
0.840000 0.000002
0.850000 0.000003
0.860000 0.000003
0.870000 0.000004
0.880000 0.000005
0.890000 0.000006
0.900000 0.000007
0.910000 0.000009
0.920000 0.000010
0.930000 0.000012
0.940000 0.000015
0.950000 0.000018
0.960000 0.000021
0.970000 0.000025
0.980000 0.000030
0.990000 0.000035
1.000000 0.000041
1.010000 0.000049
1.020000 0.000057
1.030000 0.000067
1.040000 0.000078
1.050000 0.000091
1.060000 0.000106
1.070000 0.000124
1.080000 0.000144
1.090000 0.000166
1.100000 0.000192
1.110000 0.000222
1.120000 0.000256
1.130000 0.000294
1.140000 0.000338
1.150000 0.000387
1.160000 0.000443
1.170000 0.000506
1.180000 0.000577
1.190000 0.000656
1.200000 0.000746
1.210000 0.000846
1.220000 0.000959
1.230000 0.001084
1.240000 0.001225
1.250000 0.001381
1.260000 0.001555
1.270000 0.001748
1.280000 0.001963
1.290000 0.002200
1.300000 0.002463
1.310000 0.002753
1.320000 0.003073
1.330000 0.003426
1.340000 0.003814
1.350000 0.004240
1.360000 0.004708
1.370000 0.005220
1.380000 0.005780
1.390000 0.006392
1.400000 0.007060
1.410000 0.007788
1.420000 0.008581
1.430000 0.009442
1.440000 0.010377
1.450000 0.011390
1.460000 0.012488
1.470000 0.013675
1.480000 0.014957
1.490000 0.016341
1.500000 0.017832
1.510000 0.019436
1.520000 0.021161
1.530000 0.023013
1.540000 0.025000
1.550000 0.027127
1.560000 0.029404
1.570000 0.031837
1.580000 0.034434
1.590000 0.037203
1.600000 0.040152
1.610000 0.043290
1.620000 0.046624
1.630000 0.050163
1.640000 0.053914
1.650000 0.057888
1.660000 0.062091
1.670000 0.066533
1.680000 0.071221
1.690000 0.076164
1.700000 0.081370
1.710000 0.086848
1.720000 0.092603
1.730000 0.098646
1.740000 0.104982
1.750000 0.111619
1.760000 0.118563
1.770000 0.125821
1.780000 0.133399
1.790000 0.141302
1.800000 0.149536
1.810000 0.158105
1.820000 0.167012
1.830000 0.176261
1.840000 0.185856
1.850000 0.195797
1.860000 0.206086
1.870000 0.216724
1.880000 0.227710
1.890000 0.239043
1.900000 0.250722
1.910000 0.262743
1.920000 0.275104
1.930000 0.287798
1.940000 0.300820
1.950000 0.314165
1.960000 0.327823
1.970000 0.341787
1.980000 0.356046
1.990000 0.370590
2.000000 0.385408
2.010000 0.400485
2.020000 0.415809
2.030000 0.431364
2.040000 0.447134
2.050000 0.463103
2.060000 0.479252
2.070000 0.495562
2.080000 0.512014
2.090000 0.528586
2.100000 0.545257
2.110000 0.562004
2.120000 0.578805
2.130000 0.595634
2.140000 0.612467
2.150000 0.629278
2.160000 0.646042
2.170000 0.662732
2.180000 0.679321
2.190000 0.695781
2.200000 0.712085
2.210000 0.728204
2.220000 0.744111
2.230000 0.759778
2.240000 0.775175
2.250000 0.790276
2.260000 0.805051
2.270000 0.819473
2.280000 0.833516
2.290000 0.847150
2.300000 0.860351
2.310000 0.873092
2.320000 0.885348
2.330000 0.897094
2.340000 0.908306
2.350000 0.918962
2.360000 0.929040
2.370000 0.938518
2.380000 0.947378
2.390000 0.955599
2.400000 0.963166
2.410000 0.970062
2.420000 0.976273
2.430000 0.981785
2.440000 0.986586
2.450000 0.990666
2.460000 0.994017
2.470000 0.996630
2.480000 0.998501
2.490000 0.999625
2.500000 1.000000
2.510000 0.999625
2.520000 0.998501
2.530000 0.996630
2.540000 0.994017
2.550000 0.990666
2.560000 0.986586
2.570000 0.981785
2.580000 0.976273
2.590000 0.970062
2.600000 0.963166
2.610000 0.955599
2.620000 0.947378
2.630000 0.938518
2.640000 0.929040
2.650000 0.918962
2.660000 0.908306
2.670000 0.897094
2.680000 0.885348
2.690000 0.873092
2.700000 0.860351
2.710000 0.847150
2.720000 0.833516
2.730000 0.819473
2.740000 0.805051
2.750000 0.790276
2.760000 0.775175
2.770000 0.759778
2.780000 0.744111
2.790000 0.728204
2.800000 0.712085
2.810000 0.695781
2.820000 0.679321
2.830000 0.662732
2.840000 0.646042
2.850000 0.629278
2.860000 0.612467
2.870000 0.595634
2.880000 0.578805
2.890000 0.562004
2.900000 0.545257
2.910000 0.528586
2.920000 0.512014
2.930000 0.495562
2.940000 0.479252
2.950000 0.463103
2.960000 0.447134
2.970000 0.431364
2.980000 0.415809
2.990000 0.400485
3.000000 0.385408
3.010000 0.370590
3.020000 0.356046
3.030000 0.341787
3.040000 0.327823
3.050000 0.314165
3.060000 0.300820
3.070000 0.287798
3.080000 0.275104
3.090000 0.262744
3.100000 0.250722
3.110000 0.239043
3.120000 0.227710
3.130000 0.216723
3.140000 0.206086
3.150000 0.195796
3.160000 0.185855
3.170000 0.176261
3.180000 0.167012
3.190000 0.158105
3.200000 0.149536
3.210000 0.141302
3.220000 0.133399
3.230000 0.125821
3.240000 0.118563
3.250000 0.111619
3.260000 0.104982
3.270000 0.098646
3.280000 0.092603
3.290000 0.086848
3.300000 0.081370
3.310000 0.076164
3.320000 0.071221
3.330000 0.066533
3.340000 0.062091
3.350000 0.057888
3.360000 0.053914
3.370000 0.050163
3.380000 0.046624
3.390000 0.043290
3.400000 0.040152
3.410000 0.037203
3.420000 0.034434
3.430000 0.031837
3.440000 0.029404
3.450000 0.027127
3.460000 0.025000
3.470000 0.023013
3.480000 0.021161
3.490000 0.019436
3.500000 0.017832
3.510000 0.016341
3.520000 0.014957
3.530000 0.013675
3.540000 0.012488
3.550000 0.011390
3.560000 0.010377
3.570000 0.009442
3.580000 0.008581
3.590000 0.007788
3.600000 0.007060
3.610000 0.006392
3.620000 0.005780
3.630000 0.005220
3.640000 0.004708
3.650000 0.004240
3.660000 0.003814
3.670000 0.003426
3.680000 0.003073
3.690000 0.002753
3.700000 0.002463
3.710000 0.002200
3.720000 0.001963
3.730000 0.001748
3.740000 0.001555
3.750000 0.001381
3.760000 0.001225
3.770000 0.001084
3.780000 0.000959
3.790000 0.000846
3.800000 0.000746
3.810000 0.000656
3.820000 0.000577
3.830000 0.000506
3.840000 0.000443
3.850000 0.000387
3.860000 0.000338
3.870000 0.000294
3.880000 0.000256
3.890000 0.000222
3.900000 0.000192
3.910000 0.000166
3.920000 0.000144
3.930000 0.000124
3.940000 0.000106
3.950000 0.000091
3.960000 0.000078
3.970000 0.000067
3.980000 0.000057
3.990000 0.000049
4.000000 0.000041
4.010000 0.000035
4.020000 0.000030
4.030000 0.000025
4.040000 0.000021
4.050000 0.000018
4.060000 0.000015
4.070000 0.000012
4.080000 0.000010
4.090000 0.000009
4.100000 0.000007
4.110000 0.000006
4.120000 0.000005
4.130000 0.000004
4.140000 0.000003
4.150000 0.000003
4.160000 0.000002
4.170000 0.000002
4.180000 0.000001
4.190000 0.000001
4.200000 0.000001
4.210000 0.000001
4.220000 0.000001
4.230000 0.000000
4.240000 0.000000
4.250000 0.000000
4.260000 0.000000
4.270000 0.000000
4.280000 0.000000
4.290000 0.000000
4.300000 0.000000
4.310000 0.000000
4.320000 0.000000
4.330000 0.000000
4.340000 0.000000
4.350000 0.000000
4.360000 0.000000
4.370000 0.000000
4.380000 0.000000
4.390000 0.000000
4.400000 0.000000
4.410000 0.000000
4.420000 0.000000
4.430000 0.000000
4.440000 0.000000
4.450000 0.000000
4.460000 0.000000
4.470000 0.000000
4.480000 0.000000
4.490000 0.000000
4.500000 0.000000
4.510000 0.000000
4.520000 0.000000
4.530000 0.000000
4.540000 0.000000
4.550000 0.000000
4.560000 0.000000
4.570000 0.000000
4.580000 0.000000
4.590000 0.000000
4.600000 0.000000
4.610000 0.000000
4.620000 0.000000
4.630000 0.000000
4.640000 0.000000
4.650000 0.000000
4.660000 0.000000
4.670000 0.000000
4.680000 0.000000
4.690000 0.000000
4.700000 0.000000
4.710000 0.000000
4.720000 0.000000
4.730000 0.000000
4.740000 0.000000
4.750000 0.000000
4.760000 0.000000
4.770000 0.000000
4.780000 0.000000
4.790000 0.000000
4.800000 0.000000
4.810000 0.000000
4.820000 0.000000
4.830000 0.000000
4.840000 0.000000
4.850000 0.000000
4.860000 0.000000
4.870000 0.000000
4.880000 0.000000
4.890000 0.000000
4.900000 0.000000
4.910000 0.000000
4.920000 0.000000
4.930000 0.000000
4.940000 0.000000
4.950000 0.000000
4.960000 0.000000
4.970000 0.000000
4.980000 0.000000
4.990000 0.000000
5.000000 0.000000
5.010000 -0.000000
5.020000 -0.000000
5.030000 -0.000000
5.040000 -0.000000
5.050000 -0.000000
5.060000 -0.000000
5.070000 -0.000000
5.080000 -0.000000
5.090000 -0.000000
5.100000 -0.000000
5.110000 -0.000000
5.120000 -0.000000
5.130000 -0.000000
5.140000 -0.000000
5.150000 -0.000000
5.160000 -0.000000
5.170000 -0.000000
5.180000 -0.000000
5.190000 -0.000000
5.200000 -0.000000
5.210000 -0.000000
5.220000 -0.000000
5.230000 -0.000000
5.240000 -0.000000
5.250000 -0.000000
5.260000 -0.000000
5.270000 -0.000000
5.280000 -0.000000
5.290000 -0.000000
5.300000 -0.000000
5.310000 -0.000000
5.320000 -0.000000
5.330000 -0.000000
5.340000 -0.000000
5.350000 -0.000000
5.360000 -0.000000
5.370000 -0.000000
5.380000 -0.000000
5.390000 -0.000000
5.400000 -0.000000
5.410000 -0.000000
5.420000 -0.000000
5.430000 -0.000000
5.440000 -0.000000
5.450000 -0.000000
5.460000 -0.000000
5.470000 -0.000000
5.480000 -0.000000
5.490000 -0.000000
5.500000 -0.000000
5.510000 -0.000000
5.520000 -0.000000
5.530000 -0.000000
5.540000 -0.000000
5.550000 -0.000000
5.560000 -0.000000
5.570000 -0.000000
5.580000 -0.000000
5.590000 -0.000000
5.600000 -0.000000
5.610000 -0.000000
5.620000 -0.000000
5.630000 -0.000000
5.640000 -0.000000
5.650000 -0.000000
5.660000 -0.000000
5.670000 -0.000000
5.680000 -0.000000
5.690000 -0.000000
5.700000 -0.000000
5.710000 -0.000000
5.720000 -0.000000
5.730000 -0.000000
5.740000 -0.000000
5.750000 -0.000000
5.760000 -0.000000
5.770000 -0.000000
5.780000 -0.000001
5.790000 -0.000001
5.800000 -0.000001
5.810000 -0.000001
5.820000 -0.000001
5.830000 -0.000002
5.840000 -0.000002
5.850000 -0.000003
5.860000 -0.000003
5.870000 -0.000004
5.880000 -0.000005
5.890000 -0.000006
5.900000 -0.000007
5.910000 -0.000009
5.920000 -0.000010
5.930000 -0.000012
5.940000 -0.000015
5.950000 -0.000018
5.960000 -0.000021
5.970000 -0.000025
5.980000 -0.000030
5.990000 -0.000035
6.000000 -0.000041
6.010000 -0.000049
6.020000 -0.000057
6.030000 -0.000067
6.040000 -0.000078
6.050000 -0.000091
6.060000 -0.000106
6.070000 -0.000124
6.080000 -0.000144
6.090000 -0.000166
6.100000 -0.000192
6.110000 -0.000222
6.120000 -0.000256
6.130000 -0.000294
6.140000 -0.000338
6.150000 -0.000387
6.160000 -0.000443
6.170000 -0.000506
6.180000 -0.000577
6.190000 -0.000656
6.200000 -0.000746
6.210000 -0.000846
6.220000 -0.000959
6.230000 -0.001084
6.240000 -0.001225
6.250000 -0.001381
6.260000 -0.001555
6.270000 -0.001748
6.280000 -0.001963
6.290000 -0.002200
6.300000 -0.002463
6.310000 -0.002753
6.320000 -0.003073
6.330000 -0.003426
6.340000 -0.003814
6.350000 -0.004240
6.360000 -0.004708
6.370000 -0.005220
6.380000 -0.005780
6.390000 -0.006392
6.400000 -0.007060
6.410000 -0.007788
6.420000 -0.008581
6.430000 -0.009442
6.440000 -0.010377
6.450000 -0.011390
6.460000 -0.012488
6.470000 -0.013675
6.480000 -0.014957
6.490000 -0.016341
6.500000 -0.017832
6.510000 -0.019436
6.520000 -0.021161
6.530000 -0.023013
6.540000 -0.025000
6.550000 -0.027127
6.560000 -0.029404
6.570000 -0.031837
6.580000 -0.034434
6.590000 -0.037203
6.600000 -0.040152
6.610000 -0.043290
6.620000 -0.046624
6.630000 -0.050163
6.640000 -0.053914
6.650000 -0.057888
6.660000 -0.062091
6.670000 -0.066533
6.680000 -0.071221
6.690000 -0.076164
6.700000 -0.081370
6.710000 -0.086848
6.720000 -0.092603
6.730000 -0.098646
6.740000 -0.104982
6.750000 -0.111619
6.760000 -0.118563
6.770000 -0.125821
6.780000 -0.133399
6.790000 -0.141302
6.800000 -0.149536
6.810000 -0.158105
6.820000 -0.167012
6.830000 -0.176261
6.840000 -0.185856
6.850000 -0.195796
6.860000 -0.206086
6.870000 -0.216723
6.880000 -0.227710
6.890000 -0.239043
6.900000 -0.250722
6.910000 -0.262743
6.920000 -0.275104
6.930000 -0.287798
6.940000 -0.300820
6.950000 -0.314164
6.960000 -0.327823
6.970000 -0.341786
6.980000 -0.356046
6.990000 -0.370590
7.000000 -0.385408
7.010000 -0.400485
7.020000 -0.415809
7.030000 -0.431364
7.040000 -0.447134
7.050000 -0.463103
7.060000 -0.479252
7.070000 -0.495562
7.080000 -0.512014
7.090000 -0.528586
7.100000 -0.545257
7.110000 -0.562005
7.120000 -0.578805
7.130000 -0.595634
7.140000 -0.612467
7.150000 -0.629278
7.160000 -0.646042
7.170000 -0.662732
7.180000 -0.679320
7.190000 -0.695781
7.200000 -0.712084
7.210000 -0.728204
7.220000 -0.744111
7.230000 -0.759778
7.240000 -0.775175
7.250000 -0.790276
7.260000 -0.805051
7.270000 -0.819473
7.280000 -0.833516
7.290000 -0.847150
7.300000 -0.860352
7.310000 -0.873092
7.320000 -0.885348
7.330000 -0.897094
7.340000 -0.908306
7.350000 -0.918962
7.360000 -0.929040
7.370000 -0.938518
7.380000 -0.947378
7.390000 -0.955599
7.400000 -0.963166
7.410000 -0.970062
7.420000 -0.976273
7.430000 -0.981785
7.440000 -0.986586
7.450000 -0.990666
7.460000 -0.994017
7.470000 -0.996630
7.480000 -0.998501
7.490000 -0.999625
7.500000 -1.000000
7.510000 -0.999625
7.520000 -0.998501
7.530000 -0.996630
7.540000 -0.994017
7.550000 -0.990666
7.560000 -0.986586
7.570000 -0.981785
7.580000 -0.976273
7.590000 -0.970062
7.600000 -0.963166
7.610000 -0.955599
7.620000 -0.947378
7.630000 -0.938518
7.640000 -0.929040
7.650000 -0.918962
7.660000 -0.908306
7.670000 -0.897094
7.680000 -0.885348
7.690000 -0.873092
7.700000 -0.860352
7.710000 -0.847150
7.720000 -0.833516
7.730000 -0.819473
7.740000 -0.805051
7.750000 -0.790276
7.760000 -0.775175
7.770000 -0.759778
7.780000 -0.744111
7.790000 -0.728204
7.800000 -0.712084
7.810000 -0.695781
7.820000 -0.679320
7.830000 -0.662732
7.840000 -0.646042
7.850000 -0.629278
7.860000 -0.612467
7.870000 -0.595634
7.880000 -0.578805
7.890000 -0.562005
7.900000 -0.545257
7.910000 -0.528586
7.920000 -0.512014
7.930000 -0.495562
7.940000 -0.479252
7.950000 -0.463103
7.960000 -0.447134
7.970000 -0.431364
7.980000 -0.415809
7.990000 -0.400485
8.000000 -0.385408
8.010000 -0.370590
8.020000 -0.356045
8.030000 -0.341787
8.040000 -0.327823
8.050000 -0.314164
8.060000 -0.300820
8.070000 -0.287798
8.080000 -0.275104
8.090000 -0.262743
8.100000 -0.250722
8.110000 -0.239044
8.120000 -0.227710
8.130000 -0.216723
8.140000 -0.206085
8.150000 -0.195797
8.160000 -0.185856
8.170000 -0.176261
8.180000 -0.167012
8.190000 -0.158105
8.200000 -0.149536
8.210000 -0.141302
8.220000 -0.133399
8.230000 -0.125821
8.240000 -0.118563
8.250000 -0.111619
8.260000 -0.104982
8.270000 -0.098646
8.280000 -0.092604
8.290000 -0.086848
8.300000 -0.081370
8.310000 -0.076164
8.320000 -0.071221
8.330000 -0.066533
8.340000 -0.062091
8.350000 -0.057888
8.360000 -0.053915
8.370000 -0.050163
8.380000 -0.046624
8.390000 -0.043290
8.400000 -0.040153
8.410000 -0.037203
8.420000 -0.034434
8.430000 -0.031837
8.440000 -0.029404
8.450000 -0.027127
8.460000 -0.025000
8.470000 -0.023013
8.480000 -0.021161
8.490000 -0.019436
8.500000 -0.017832
8.510000 -0.016341
8.520000 -0.014957
8.530000 -0.013675
8.540000 -0.012488
8.550000 -0.011390
8.560000 -0.010377
8.570000 -0.009442
8.580000 -0.008581
8.590000 -0.007788
8.600000 -0.007060
8.610000 -0.006392
8.620000 -0.005780
8.630000 -0.005220
8.640000 -0.004708
8.650000 -0.004240
8.660000 -0.003814
8.670000 -0.003426
8.680000 -0.003073
8.690000 -0.002753
8.700000 -0.002463
8.710000 -0.002200
8.720000 -0.001963
8.730000 -0.001748
8.740000 -0.001555
8.750000 -0.001381
8.760000 -0.001225
8.770000 -0.001084
8.780000 -0.000959
8.790000 -0.000846
8.800000 -0.000746
8.810000 -0.000656
8.820000 -0.000577
8.830000 -0.000506
8.840000 -0.000443
8.850000 -0.000387
8.860000 -0.000338
8.870000 -0.000294
8.880000 -0.000256
8.890000 -0.000222
8.900000 -0.000192
8.910000 -0.000166
8.920000 -0.000144
8.930000 -0.000124
8.940000 -0.000106
8.950000 -0.000091
8.960000 -0.000078
8.970000 -0.000067
8.980000 -0.000057
8.990000 -0.000049
9.000000 -0.000041
9.010000 -0.000035
9.020000 -0.000030
9.030000 -0.000025
9.040000 -0.000021
9.050000 -0.000018
9.060000 -0.000015
9.070000 -0.000012
9.080000 -0.000010
9.090000 -0.000009
9.100000 -0.000007
9.110000 -0.000006
9.120000 -0.000005
9.130000 -0.000004
9.140000 -0.000003
9.150000 -0.000003
9.160000 -0.000002
9.170000 -0.000002
9.180000 -0.000001
9.190000 -0.000001
9.200000 -0.000001
9.210000 -0.000001
9.220000 -0.000001
9.230000 -0.000000
9.240000 -0.000000
9.250000 -0.000000
9.260000 -0.000000
9.270000 -0.000000
9.280000 -0.000000
9.290000 -0.000000
9.300000 -0.000000
9.310000 -0.000000
9.320000 -0.000000
9.330000 -0.000000
9.340000 -0.000000
9.350000 -0.000000
9.360000 -0.000000
9.370000 -0.000000
9.380000 -0.000000
9.390000 -0.000000
9.400000 -0.000000
9.410000 -0.000000
9.420000 -0.000000
9.430000 -0.000000
9.440000 -0.000000
9.450000 -0.000000
9.460000 -0.000000
9.470000 -0.000000
9.480000 -0.000000
9.490000 -0.000000
9.500000 -0.000000
9.510000 -0.000000
9.520000 -0.000000
9.530000 -0.000000
9.540000 -0.000000
9.550000 -0.000000
9.560000 -0.000000
9.570000 -0.000000
9.580000 -0.000000
9.590000 -0.000000
9.600000 -0.000000
9.610000 -0.000000
9.620000 -0.000000
9.630000 -0.000000
9.640000 -0.000000
9.650000 -0.000000
9.660000 -0.000000
9.670000 -0.000000
9.680000 -0.000000
9.690000 -0.000000
9.700000 -0.000000
9.710000 -0.000000
9.720000 -0.000000
9.730000 -0.000000
9.740000 -0.000000
9.750000 -0.000000
9.760000 -0.000000
9.770000 -0.000000
9.780000 -0.000000
9.790000 -0.000000
9.800000 -0.000000
9.810000 -0.000000
9.820000 -0.000000
9.830000 -0.000000
9.840000 -0.000000
9.850000 -0.000000
9.860000 -0.000000
9.870000 -0.000000
9.880000 -0.000000
9.890000 -0.000000
9.900000 -0.000000
9.910000 -0.000000
9.920000 -0.000000
9.930000 -0.000000
9.940000 -0.000000
9.950000 -0.000000
9.960000 -0.000000
9.970000 -0.000000
9.980000 -0.000000
9.990000 -0.000000
10.000000 -0.000000
