0.000000 0.000000
0.010000 0.000000
0.020000 0.000000
0.030000 0.000000
0.040000 0.000000
0.050000 0.000000
0.060000 0.000000
0.070000 0.000000
0.080000 0.000000
0.090000 0.000000
0.100000 0.000000
0.110000 0.000000
0.120000 0.000000
0.130000 0.000000
0.140000 0.000000
0.150000 0.000000
0.160000 0.000000
0.170000 0.000000
0.180000 0.000000
0.190000 0.000000
0.200000 0.000000
0.210000 0.000000
0.220000 0.000000
0.230000 0.000000
0.240000 0.000000
0.250000 0.000000
0.260000 0.000000
0.270000 0.000000
0.280000 0.000000
0.290000 0.000000
0.300000 0.000000
0.310000 0.000000
0.320000 0.000000
0.330000 0.000000
0.340000 0.000000
0.350000 0.000000
0.360000 0.000000
0.370000 0.000000
0.380000 0.000000
0.390000 0.000000
0.400000 0.000000
0.410000 0.000000
0.420000 0.000000
0.430000 0.000000
0.440000 0.000000
0.450000 0.000000
0.460000 0.000000
0.470000 0.000000
0.480000 0.000000
0.490000 0.000000
0.500000 0.000000
0.510000 0.000000
0.520000 0.000000
0.530000 0.000000
0.540000 0.000000
0.550000 0.000000
0.560000 0.000000
0.570000 0.000000
0.580000 0.000000
0.590000 0.000000
0.600000 0.000000
0.610000 0.000000
0.620000 0.000000
0.630000 0.000000
0.640000 0.000000
0.650000 0.000000
0.660000 0.000000
0.670000 0.000000
0.680000 0.000000
0.690000 0.000000
0.700000 0.000000
0.710000 0.000000
0.720000 0.000000
0.730000 0.000000
0.740000 0.000000
0.750000 0.000000
0.760000 0.000000
0.770000 0.000000
0.780000 0.000000
0.790000 0.000000
0.800000 0.000000
0.810000 0.000000
0.820000 0.000000
0.830000 0.000000
0.840000 0.000000
0.850000 0.000000
0.860000 0.000000
0.870000 0.000001
0.880000 0.000001
0.890000 0.000001
0.900000 0.000001
0.910000 0.000001
0.920000 0.000002
0.930000 0.000002
0.940000 0.000003
0.950000 0.000003
0.960000 0.000004
0.970000 0.000005
0.980000 0.000006
0.990000 0.000007
1.000000 0.000008
1.010000 0.000010
1.020000 0.000012
1.030000 0.000015
1.040000 0.000018
1.050000 0.000021
1.060000 0.000025
1.070000 0.000030
1.080000 0.000036
1.090000 0.000042
1.100000 0.000050
1.110000 0.000059
1.120000 0.000069
1.130000 0.000081
1.140000 0.000096
1.150000 0.000112
1.160000 0.000131
1.170000 0.000153
1.180000 0.000178
1.190000 0.000206
1.200000 0.000239
1.210000 0.000277
1.220000 0.000320
1.230000 0.000369
1.240000 0.000425
1.250000 0.000488
1.260000 0.000560
1.270000 0.000642
1.280000 0.000734
1.290000 0.000837
1.300000 0.000954
1.310000 0.001085
1.320000 0.001233
1.330000 0.001398
1.340000 0.001583
1.350000 0.001790
1.360000 0.002020
1.370000 0.002277
1.380000 0.002562
1.390000 0.002879
1.400000 0.003230
1.410000 0.003618
1.420000 0.004048
1.430000 0.004522
1.440000 0.005044
1.450000 0.005619
1.460000 0.006251
1.470000 0.006944
1.480000 0.007703
1.490000 0.008534
1.500000 0.009442
1.510000 0.010433
1.520000 0.011512
1.530000 0.012687
1.540000 0.013963
1.550000 0.015348
1.560000 0.016849
1.570000 0.018474
1.580000 0.020230
1.590000 0.022125
1.600000 0.024168
1.610000 0.026368
1.620000 0.028733
1.630000 0.031274
1.640000 0.033998
1.650000 0.036915
1.660000 0.040036
1.670000 0.043371
1.680000 0.046929
1.690000 0.050721
1.700000 0.054756
1.710000 0.059046
1.720000 0.063601
1.730000 0.068430
1.740000 0.073545
1.750000 0.078955
1.760000 0.084670
1.770000 0.090700
1.780000 0.097055
1.790000 0.103744
1.800000 0.110775
1.810000 0.118158
1.820000 0.125899
1.830000 0.134008
1.840000 0.142489
1.850000 0.151351
1.860000 0.160598
1.870000 0.170235
1.880000 0.180267
1.890000 0.190696
1.900000 0.201525
1.910000 0.212755
1.920000 0.224386
1.930000 0.236418
1.940000 0.248848
1.950000 0.261674
1.960000 0.274892
1.970000 0.288494
1.980000 0.302476
1.990000 0.316829
2.000000 0.331542
2.010000 0.346606
2.020000 0.362009
2.030000 0.377735
2.040000 0.393771
2.050000 0.410100
2.060000 0.426704
2.070000 0.443563
2.080000 0.460658
2.090000 0.477966
2.100000 0.495464
2.110000 0.513127
2.120000 0.530930
2.130000 0.548845
2.140000 0.566845
2.150000 0.584899
2.160000 0.602979
2.170000 0.621053
2.180000 0.639088
2.190000 0.657052
2.200000 0.674912
2.210000 0.692634
2.220000 0.710183
2.230000 0.727524
2.240000 0.744623
2.250000 0.761445
2.260000 0.777953
2.270000 0.794113
2.280000 0.809891
2.290000 0.825251
2.300000 0.840159
2.310000 0.854582
2.320000 0.868487
2.330000 0.881843
2.340000 0.894617
2.350000 0.906781
2.360000 0.918305
2.370000 0.929162
2.380000 0.939326
2.390000 0.948771
2.400000 0.957476
2.410000 0.965418
2.420000 0.972579
2.430000 0.978939
2.440000 0.984484
2.450000 0.989200
2.460000 0.993075
2.470000 0.996099
2.480000 0.998264
2.490000 0.999566
2.500000 1.000000
2.510000 0.999566
2.520000 0.998264
2.530000 0.996099
2.540000 0.993075
2.550000 0.989200
2.560000 0.984484
2.570000 0.978939
2.580000 0.972579
2.590000 0.965418
2.600000 0.957476
2.610000 0.948771
2.620000 0.939326
2.630000 0.929162
2.640000 0.918305
2.650000 0.906781
2.660000 0.894617
2.670000 0.881843
2.680000 0.868487
2.690000 0.854582
2.700000 0.840159
2.710000 0.825251
2.720000 0.809891
2.730000 0.794113
2.740000 0.777953
2.750000 0.761445
2.760000 0.744623
2.770000 0.727524
2.780000 0.710183
2.790000 0.692634
2.800000 0.674912
2.810000 0.657052
2.820000 0.639088
2.830000 0.621053
2.840000 0.602979
2.850000 0.584899
2.860000 0.566845
2.870000 0.548845
2.880000 0.530930
2.890000 0.513127
2.900000 0.495464
2.910000 0.477966
2.920000 0.460658
2.930000 0.443563
2.940000 0.426704
2.950000 0.410100
2.960000 0.393771
2.970000 0.377735
2.980000 0.362009
2.990000 0.346606
3.000000 0.331542
3.010000 0.316829
3.020000 0.302476
3.030000 0.288494
3.040000 0.274892
3.050000 0.261674
3.060000 0.248848
3.070000 0.236418
3.080000 0.224386
3.090000 0.212755
3.100000 0.201525
3.110000 0.190696
3.120000 0.180267
3.130000 0.170235
3.140000 0.160598
3.150000 0.151351
3.160000 0.142489
3.170000 0.134007
3.180000 0.125899
3.190000 0.118158
3.200000 0.110775
3.210000 0.103744
3.220000 0.097055
3.230000 0.090700
3.240000 0.084670
3.250000 0.078955
3.260000 0.073545
3.270000 0.068430
3.280000 0.063601
3.290000 0.059046
3.300000 0.054756
3.310000 0.050721
3.320000 0.046929
3.330000 0.043371
3.340000 0.040036
3.350000 0.036915
3.360000 0.033998
3.370000 0.031274
3.380000 0.028733
3.390000 0.026368
3.400000 0.024168
3.410000 0.022125
3.420000 0.020230
3.430000 0.018474
3.440000 0.016849
3.450000 0.015348
3.460000 0.013963
3.470000 0.012687
3.480000 0.011512
3.490000 0.010433
3.500000 0.009442
3.510000 0.008534
3.520000 0.007703
3.530000 0.006944
3.540000 0.006251
3.550000 0.005619
3.560000 0.005044
3.570000 0.004522
3.580000 0.004048
3.590000 0.003618
3.600000 0.003230
3.610000 0.002879
3.620000 0.002562
3.630000 0.002277
3.640000 0.002020
3.650000 0.001790
3.660000 0.001583
3.670000 0.001398
3.680000 0.001233
3.690000 0.001085
3.700000 0.000954
3.710000 0.000837
3.720000 0.000734
3.730000 0.000642
3.740000 0.000560
3.750000 0.000488
3.760000 0.000425
3.770000 0.000369
3.780000 0.000320
3.790000 0.000277
3.800000 0.000239
3.810000 0.000206
3.820000 0.000178
3.830000 0.000153
3.840000 0.000131
3.850000 0.000112
3.860000 0.000096
3.870000 0.000081
3.880000 0.000069
3.890000 0.000059
3.900000 0.000050
3.910000 0.000042
3.920000 0.000036
3.930000 0.000030
3.940000 0.000025
3.950000 0.000021
3.960000 0.000018
3.970000 0.000015
3.980000 0.000012
3.990000 0.000010
4.000000 0.000008
4.010000 0.000007
4.020000 0.000006
4.030000 0.000005
4.040000 0.000004
4.050000 0.000003
4.060000 0.000003
4.070000 0.000002
4.080000 0.000002
4.090000 0.000001
4.100000 0.000001
4.110000 0.000001
4.120000 0.000001
4.130000 0.000001
4.140000 0.000000
4.150000 0.000000
4.160000 0.000000
4.170000 0.000000
4.180000 0.000000
4.190000 0.000000
4.200000 0.000000
4.210000 0.000000
4.220000 0.000000
4.230000 0.000000
4.240000 0.000000
4.250000 0.000000
4.260000 0.000000
4.270000 0.000000
4.280000 0.000000
4.290000 0.000000
4.300000 0.000000
4.310000 0.000000
4.320000 0.000000
4.330000 0.000000
4.340000 0.000000
4.350000 0.000000
4.360000 0.000000
4.370000 0.000000
4.380000 0.000000
4.390000 0.000000
4.400000 0.000000
4.410000 0.000000
4.420000 0.000000
4.430000 0.000000
4.440000 0.000000
4.450000 0.000000
4.460000 0.000000
4.470000 0.000000
4.480000 0.000000
4.490000 0.000000
4.500000 0.000000
4.510000 0.000000
4.520000 0.000000
4.530000 0.000000
4.540000 0.000000
4.550000 0.000000
4.560000 0.000000
4.570000 0.000000
4.580000 0.000000
4.590000 0.000000
4.600000 0.000000
4.610000 0.000000
4.620000 0.000000
4.630000 0.000000
4.640000 0.000000
4.650000 0.000000
4.660000 0.000000
4.670000 0.000000
4.680000 0.000000
4.690000 0.000000
4.700000 0.000000
4.710000 0.000000
4.720000 0.000000
4.730000 0.000000
4.740000 0.000000
4.750000 0.000000
4.760000 0.000000
4.770000 0.000000
4.780000 0.000000
4.790000 0.000000
4.800000 0.000000
4.810000 0.000000
4.820000 0.000000
4.830000 0.000000
4.840000 0.000000
4.850000 0.000000
4.860000 0.000000
4.870000 0.000000
4.880000 0.000000
4.890000 0.000000
4.900000 0.000000
4.910000 0.000000
4.920000 0.000000
4.930000 0.000000
4.940000 0.000000
4.950000 0.000000
4.960000 0.000000
4.970000 0.000000
4.980000 0.000000
4.990000 0.000000
5.000000 0.000000
5.010000 0.000000
5.020000 0.000000
5.030000 0.000000
5.040000 0.000000
5.050000 0.000000
5.060000 0.000000
5.070000 0.000000
5.080000 0.000000
5.090000 0.000000
5.100000 0.000000
5.110000 0.000000
5.120000 0.000000
5.130000 0.000000
5.140000 0.000000
5.150000 0.000000
5.160000 0.000000
5.170000 0.000000
5.180000 0.000000
5.190000 0.000000
5.200000 0.000000
5.210000 0.000000
5.220000 0.000000
5.230000 0.000000
5.240000 0.000000
5.250000 0.000000
5.260000 0.000000
5.270000 0.000000
5.280000 0.000000
5.290000 0.000000
5.300000 0.000000
5.310000 0.000000
5.320000 0.000000
5.330000 0.000000
5.340000 0.000000
5.350000 0.000000
5.360000 0.000000
5.370000 0.000000
5.380000 0.000000
5.390000 0.000000
5.400000 0.000000
5.410000 0.000000
5.420000 0.000000
5.430000 0.000000
5.440000 0.000000
5.450000 0.000000
5.460000 0.000000
5.470000 0.000000
5.480000 0.000000
5.490000 0.000000
5.500000 0.000000
5.510000 0.000000
5.520000 0.000000
5.530000 0.000000
5.540000 0.000000
5.550000 0.000000
5.560000 0.000000
5.570000 0.000000
5.580000 0.000000
5.590000 0.000000
5.600000 0.000000
5.610000 0.000000
5.620000 0.000000
5.630000 0.000000
5.640000 0.000000
5.650000 0.000000
5.660000 0.000000
5.670000 0.000000
5.680000 0.000000
5.690000 0.000000
5.700000 0.000000
5.710000 0.000000
5.720000 0.000000
5.730000 0.000000
5.740000 0.000000
5.750000 0.000000
5.760000 0.000000
5.770000 0.000000
5.780000 0.000000
5.790000 0.000000
5.800000 0.000000
5.810000 0.000000
5.820000 0.000000
5.830000 0.000000
5.840000 0.000000
5.850000 0.000000
5.860000 0.000000
5.870000 0.000001
5.880000 0.000001
5.890000 0.000001
5.900000 0.000001
5.910000 0.000001
5.920000 0.000002
5.930000 0.000002
5.940000 0.000003
5.950000 0.000003
5.960000 0.000004
5.970000 0.000005
5.980000 0.000006
5.990000 0.000007
6.000000 0.000008
6.010000 0.000010
6.020000 0.000012
6.030000 0.000015
6.040000 0.000018
6.050000 0.000021
6.060000 0.000025
6.070000 0.000030
6.080000 0.000036
6.090000 0.000042
6.100000 0.000050
6.110000 0.000059
6.120000 0.000069
6.130000 0.000081
6.140000 0.000096
6.150000 0.000112
6.160000 0.000131
6.170000 0.000153
6.180000 0.000178
6.190000 0.000206
6.200000 0.000239
6.210000 0.000277
6.220000 0.000320
6.230000 0.000369
6.240000 0.000425
6.250000 0.000488
6.260000 0.000560
6.270000 0.000642
6.280000 0.000734
6.290000 0.000837
6.300000 0.000954
6.310000 0.001085
6.320000 0.001233
6.330000 0.001398
6.340000 0.001583
6.350000 0.001790
6.360000 0.002020
6.370000 0.002277
6.380000 0.002562
6.390000 0.002879
6.400000 0.003230
6.410000 0.003618
6.420000 0.004048
6.430000 0.004522
6.440000 0.005044
6.450000 0.005619
6.460000 0.006251
6.470000 0.006944
6.480000 0.007703
6.490000 0.008534
6.500000 0.009442
6.510000 0.010433
6.520000 0.011512
6.530000 0.012687
6.540000 0.013963
6.550000 0.015348
6.560000 0.016849
6.570000 0.018474
6.580000 0.020230
6.590000 0.022125
6.600000 0.024168
6.610000 0.026368
6.620000 0.028733
6.630000 0.031274
6.640000 0.033998
6.650000 0.036915
6.660000 0.040036
6.670000 0.043371
6.680000 0.046929
6.690000 0.050721
6.700000 0.054756
6.710000 0.059046
6.720000 0.063601
6.730000 0.068430
6.740000 0.073545
6.750000 0.078955
6.760000 0.084670
6.770000 0.090700
6.780000 0.097055
6.790000 0.103744
6.800000 0.110775
6.810000 0.118158
6.820000 0.125899
6.830000 0.134007
6.840000 0.142489
6.850000 0.151351
6.860000 0.160598
6.870000 0.170235
6.880000 0.180267
6.890000 0.190696
6.900000 0.201525
6.910000 0.212754
6.920000 0.224386
6.930000 0.236418
6.940000 0.248848
6.950000 0.261674
6.960000 0.274892
6.970000 0.288494
6.980000 0.302476
6.990000 0.316828
7.000000 0.331542
7.010000 0.346607
7.020000 0.362009
7.030000 0.377735
7.040000 0.393771
7.050000 0.410100
7.060000 0.426704
7.070000 0.443564
7.080000 0.460658
7.090000 0.477966
7.100000 0.495464
7.110000 0.513127
7.120000 0.530930
7.130000 0.548845
7.140000 0.566844
7.150000 0.584899
7.160000 0.602979
7.170000 0.621053
7.180000 0.639087
7.190000 0.657052
7.200000 0.674912
7.210000 0.692634
7.220000 0.710182
7.230000 0.727524
7.240000 0.744623
7.250000 0.761445
7.260000 0.777954
7.270000 0.794113
7.280000 0.809891
7.290000 0.825251
7.300000 0.840159
7.310000 0.854582
7.320000 0.868488
7.330000 0.881843
7.340000 0.894618
7.350000 0.906781
7.360000 0.918305
7.370000 0.929162
7.380000 0.939326
7.390000 0.948771
7.400000 0.957476
7.410000 0.965418
7.420000 0.972579
7.430000 0.978939
7.440000 0.984484
7.450000 0.989200
7.460000 0.993075
7.470000 0.996099
7.480000 0.998264
7.490000 0.999566
7.500000 1.000000
7.510000 0.999566
7.520000 0.998264
7.530000 0.996099
7.540000 0.993075
7.550000 0.989200
7.560000 0.984484
7.570000 0.978939
7.580000 0.972579
7.590000 0.965418
7.600000 0.957476
7.610000 0.948771
7.620000 0.939326
7.630000 0.929162
7.640000 0.918305
7.650000 0.906781
7.660000 0.894618
7.670000 0.881843
7.680000 0.868488
7.690000 0.854582
7.700000 0.840159
7.710000 0.825251
7.720000 0.809891
7.730000 0.794113
7.740000 0.777954
7.750000 0.761445
7.760000 0.744623
7.770000 0.727524
7.780000 0.710182
7.790000 0.692634
7.800000 0.674912
7.810000 0.657052
7.820000 0.639087
7.830000 0.621053
7.840000 0.602979
7.850000 0.584899
7.860000 0.566844
7.870000 0.548845
7.880000 0.530930
7.890000 0.513127
7.900000 0.495464
7.910000 0.477966
7.920000 0.460658
7.930000 0.443564
7.940000 0.426704
7.950000 0.410100
7.960000 0.393771
7.970000 0.377735
7.980000 0.362009
7.990000 0.346607
8.000000 0.331542
8.010000 0.316828
8.020000 0.302476
8.030000 0.288495
8.040000 0.274892
8.050000 0.261674
8.060000 0.248848
8.070000 0.236418
8.080000 0.224386
8.090000 0.212754
8.100000 0.201524
8.110000 0.190696
8.120000 0.180267
8.130000 0.170235
8.140000 0.160598
8.150000 0.151351
8.160000 0.142489
8.170000 0.134007
8.180000 0.125899
8.190000 0.118158
8.200000 0.110775
8.210000 0.103744
8.220000 0.097055
8.230000 0.090701
8.240000 0.084670
8.250000 0.078955
8.260000 0.073545
8.270000 0.068430
8.280000 0.063601
8.290000 0.059046
8.300000 0.054756
8.310000 0.050721
8.320000 0.046929
8.330000 0.043371
8.340000 0.040036
8.350000 0.036915
8.360000 0.033998
8.370000 0.031274
8.380000 0.028733
8.390000 0.026368
8.400000 0.024168
8.410000 0.022125
8.420000 0.020230
8.430000 0.018474
8.440000 0.016849
8.450000 0.015348
8.460000 0.013963
8.470000 0.012687
8.480000 0.011512
8.490000 0.010433
8.500000 0.009442
8.510000 0.008534
8.520000 0.007703
8.530000 0.006944
8.540000 0.006251
8.550000 0.005619
8.560000 0.005044
8.570000 0.004522
8.580000 0.004048
8.590000 0.003618
8.600000 0.003230
8.610000 0.002879
8.620000 0.002562
8.630000 0.002277
8.640000 0.002020
8.650000 0.001790
8.660000 0.001583
8.670000 0.001398
8.680000 0.001233
8.690000 0.001085
8.700000 0.000954
8.710000 0.000837
8.720000 0.000734
8.730000 0.000642
8.740000 0.000560
8.750000 0.000488
8.760000 0.000425
8.770000 0.000369
8.780000 0.000320
8.790000 0.000277
8.800000 0.000239
8.810000 0.000206
8.820000 0.000178
8.830000 0.000153
8.840000 0.000131
8.850000 0.000112
8.860000 0.000096
8.870000 0.000081
8.880000 0.000069
8.890000 0.000059
8.900000 0.000050
8.910000 0.000042
8.920000 0.000036
8.930000 0.000030
8.940000 0.000025
8.950000 0.000021
8.960000 0.000018
8.970000 0.000015
8.980000 0.000012
8.990000 0.000010
9.000000 0.000008
9.010000 0.000007
9.020000 0.000006
9.030000 0.000005
9.040000 0.000004
9.050000 0.000003
9.060000 0.000003
9.070000 0.000002
9.080000 0.000002
9.090000 0.000001
9.100000 0.000001
9.110000 0.000001
9.120000 0.000001
9.130000 0.000001
9.140000 0.000000
9.150000 0.000000
9.160000 0.000000
9.170000 0.000000
9.180000 0.000000
9.190000 0.000000
9.200000 0.000000
9.210000 0.000000
9.220000 0.000000
9.230000 0.000000
9.240000 0.000000
9.250000 0.000000
9.260000 0.000000
9.270000 0.000000
9.280000 0.000000
9.290000 0.000000
9.300000 0.000000
9.310000 0.000000
9.320000 0.000000
9.330000 0.000000
9.340000 0.000000
9.350000 0.000000
9.360000 0.000000
9.370000 0.000000
9.380000 0.000000
9.390000 0.000000
9.400000 0.000000
9.410000 0.000000
9.420000 0.000000
9.430000 0.000000
9.440000 0.000000
9.450000 0.000000
9.460000 0.000000
9.470000 0.000000
9.480000 0.000000
9.490000 0.000000
9.500000 0.000000
9.510000 0.000000
9.520000 0.000000
9.530000 0.000000
9.540000 0.000000
9.550000 0.000000
9.560000 0.000000
9.570000 0.000000
9.580000 0.000000
9.590000 0.000000
9.600000 0.000000
9.610000 0.000000
9.620000 0.000000
9.630000 0.000000
9.640000 0.000000
9.650000 0.000000
9.660000 0.000000
9.670000 0.000000
9.680000 0.000000
9.690000 0.000000
9.700000 0.000000
9.710000 0.000000
9.720000 0.000000
9.730000 0.000000
9.740000 0.000000
9.750000 0.000000
9.760000 0.000000
9.770000 0.000000
9.780000 0.000000
9.790000 0.000000
9.800000 0.000000
9.810000 0.000000
9.820000 0.000000
9.830000 0.000000
9.840000 0.000000
9.850000 0.000000
9.860000 0.000000
9.870000 0.000000
9.880000 0.000000
9.890000 0.000000
9.900000 0.000000
9.910000 0.000000
9.920000 0.000000
9.930000 0.000000
9.940000 0.000000
9.950000 0.000000
9.960000 0.000000
9.970000 0.000000
9.980000 0.000000
9.990000 0.000000
10.000000 0.000000
