0.000000 0.000000
0.010000 0.000000
0.020000 0.000000
0.030000 0.000000
0.040000 0.000000
0.050000 0.000000
0.060000 0.000000
0.070000 0.000000
0.080000 0.000000
0.090000 0.000000
0.100000 0.000000
0.110000 0.000000
0.120000 0.000000
0.130000 0.000000
0.140000 0.000000
0.150000 0.000000
0.160000 0.000000
0.170000 0.000000
0.180000 0.000000
0.190000 0.000000
0.200000 0.000000
0.210000 0.000000
0.220000 0.000000
0.230000 0.000000
0.240000 0.000000
0.250000 0.000000
0.260000 0.000000
0.270000 0.000000
0.280000 0.000000
0.290000 0.000000
0.300000 0.000000
0.310000 0.000000
0.320000 0.000000
0.330000 0.000000
0.340000 0.000000
0.350000 0.000000
0.360000 0.000000
0.370000 0.000000
0.380000 0.000000
0.390000 0.000000
0.400000 0.000000
0.410000 0.000000
0.420000 0.000000
0.430000 0.000000
0.440000 0.000000
0.450000 0.000000
0.460000 0.000000
0.470000 0.000000
0.480000 0.000000
0.490000 0.000000
0.500000 0.000000
0.510000 0.000000
0.520000 0.000000
0.530000 0.000000
0.540000 0.000000
0.550000 0.000000
0.560000 0.000000
0.570000 0.000000
0.580000 0.000000
0.590000 0.000000
0.600000 0.000000
0.610000 0.000000
0.620000 0.000000
0.630000 0.000000
0.640000 0.000000
0.650000 0.000000
0.660000 0.000000
0.670000 0.000000
0.680000 0.000000
0.690000 0.000000
0.700000 0.000000
0.710000 0.000000
0.720000 0.000000
0.730000 0.000000
0.740000 0.000000
0.750000 0.000000
0.760000 0.000000
0.770000 0.000000
0.780000 0.000000
0.790000 0.000000
0.800000 0.000000
0.810000 0.000000
0.820000 0.000000
0.830000 0.000000
0.840000 0.000000
0.850000 0.000000
0.860000 0.000000
0.870000 0.000000
0.880000 0.000000
0.890000 0.000000
0.900000 0.000000
0.910000 0.000000
0.920000 0.000000
0.930000 0.000000
0.940000 0.000000
0.950000 0.000000
0.960000 0.000000
0.970000 0.000000
0.980000 0.000000
0.990000 0.000000
1.000000 0.000000
1.010000 0.000000
1.020000 0.000000
1.030000 0.000000
1.040000 0.000000
1.050000 0.000000
1.060000 0.000000
1.070000 0.000000
1.080000 0.000000
1.090000 0.000000
1.100000 0.000000
1.110000 0.000000
1.120000 0.000000
1.130000 0.000000
1.140000 0.000000
1.150000 0.000000
1.160000 0.000000
1.170000 0.000000
1.180000 0.000000
1.190000 0.000000
1.200000 0.000000
1.210000 0.000000
1.220000 0.000000
1.230000 0.000000
1.240000 0.000001
1.250000 0.000001
1.260000 0.000001
1.270000 0.000001
1.280000 0.000001
1.290000 0.000002
1.300000 0.000002
1.310000 0.000003
1.320000 0.000004
1.330000 0.000005
1.340000 0.000006
1.350000 0.000008
1.360000 0.000010
1.370000 0.000012
1.380000 0.000015
1.390000 0.000018
1.400000 0.000023
1.410000 0.000028
1.420000 0.000035
1.430000 0.000043
1.440000 0.000052
1.450000 0.000064
1.460000 0.000078
1.470000 0.000095
1.480000 0.000115
1.490000 0.000139
1.500000 0.000168
1.510000 0.000203
1.520000 0.000244
1.530000 0.000292
1.540000 0.000349
1.550000 0.000416
1.560000 0.000495
1.570000 0.000588
1.580000 0.000697
1.590000 0.000823
1.600000 0.000970
1.610000 0.001141
1.620000 0.001340
1.630000 0.001569
1.640000 0.001833
1.650000 0.002137
1.660000 0.002486
1.670000 0.002886
1.680000 0.003342
1.690000 0.003863
1.700000 0.004456
1.710000 0.005128
1.720000 0.005890
1.730000 0.006750
1.740000 0.007721
1.750000 0.008813
1.760000 0.010039
1.770000 0.011412
1.780000 0.012947
1.790000 0.014659
1.800000 0.016565
1.810000 0.018681
1.820000 0.021027
1.830000 0.023620
1.840000 0.026482
1.850000 0.029634
1.860000 0.033097
1.870000 0.036894
1.880000 0.041048
1.890000 0.045585
1.900000 0.050527
1.910000 0.055900
1.920000 0.061729
1.930000 0.068040
1.940000 0.074859
1.950000 0.082209
1.960000 0.090116
1.970000 0.098604
1.980000 0.107695
1.990000 0.117414
2.000000 0.127779
2.010000 0.138811
2.020000 0.150526
2.030000 0.162941
2.040000 0.176068
2.050000 0.189918
2.060000 0.204498
2.070000 0.219813
2.080000 0.235863
2.090000 0.252646
2.100000 0.270155
2.110000 0.288380
2.120000 0.307305
2.130000 0.326911
2.140000 0.347174
2.150000 0.368065
2.160000 0.389550
2.170000 0.411592
2.180000 0.434146
2.190000 0.457164
2.200000 0.480595
2.210000 0.504379
2.220000 0.528455
2.230000 0.552757
2.240000 0.577214
2.250000 0.601751
2.260000 0.626292
2.270000 0.650755
2.280000 0.675057
2.290000 0.699111
2.300000 0.722832
2.310000 0.746129
2.320000 0.768914
2.330000 0.791096
2.340000 0.812587
2.350000 0.833297
2.360000 0.853142
2.370000 0.872035
2.380000 0.889896
2.390000 0.906645
2.400000 0.922209
2.410000 0.936516
2.420000 0.949502
2.430000 0.961108
2.440000 0.971279
2.450000 0.979967
2.460000 0.987133
2.470000 0.992742
2.480000 0.996768
2.490000 0.999191
2.500000 1.000000
2.510000 0.999191
2.520000 0.996768
2.530000 0.992742
2.540000 0.987133
2.550000 0.979967
2.560000 0.971279
2.570000 0.961108
2.580000 0.949502
2.590000 0.936516
2.600000 0.922209
2.610000 0.906645
2.620000 0.889896
2.630000 0.872035
2.640000 0.853142
2.650000 0.833297
2.660000 0.812587
2.670000 0.791096
2.680000 0.768914
2.690000 0.746129
2.700000 0.722832
2.710000 0.699111
2.720000 0.675057
2.730000 0.650755
2.740000 0.626292
2.750000 0.601751
2.760000 0.577214
2.770000 0.552757
2.780000 0.528455
2.790000 0.504379
2.800000 0.480595
2.810000 0.457164
2.820000 0.434146
2.830000 0.411592
2.840000 0.389550
2.850000 0.368065
2.860000 0.347174
2.870000 0.326911
2.880000 0.307305
2.890000 0.288380
2.900000 0.270155
2.910000 0.252646
2.920000 0.235863
2.930000 0.219813
2.940000 0.204498
2.950000 0.189918
2.960000 0.176068
2.970000 0.162941
2.980000 0.150526
2.990000 0.138811
3.000000 0.127779
3.010000 0.117414
3.020000 0.107695
3.030000 0.098604
3.040000 0.090116
3.050000 0.082209
3.060000 0.074859
3.070000 0.068041
3.080000 0.061729
3.090000 0.055900
3.100000 0.050527
3.110000 0.045585
3.120000 0.041049
3.130000 0.036894
3.140000 0.033097
3.150000 0.029634
3.160000 0.026482
3.170000 0.023620
3.180000 0.021027
3.190000 0.018681
3.200000 0.016565
3.210000 0.014659
3.220000 0.012947
3.230000 0.011412
3.240000 0.010039
3.250000 0.008813
3.260000 0.007721
3.270000 0.006750
3.280000 0.005890
3.290000 0.005128
3.300000 0.004456
3.310000 0.003863
3.320000 0.003342
3.330000 0.002886
3.340000 0.002486
3.350000 0.002137
3.360000 0.001833
3.370000 0.001569
3.380000 0.001340
3.390000 0.001141
3.400000 0.000970
3.410000 0.000823
3.420000 0.000697
3.430000 0.000588
3.440000 0.000495
3.450000 0.000416
3.460000 0.000349
3.470000 0.000292
3.480000 0.000244
3.490000 0.000203
3.500000 0.000168
3.510000 0.000139
3.520000 0.000115
3.530000 0.000095
3.540000 0.000078
3.550000 0.000064
3.560000 0.000052
3.570000 0.000043
3.580000 0.000035
3.590000 0.000028
3.600000 0.000023
3.610000 0.000018
3.620000 0.000015
3.630000 0.000012
3.640000 0.000010
3.650000 0.000008
3.660000 0.000006
3.670000 0.000005
3.680000 0.000004
3.690000 0.000003
3.700000 0.000002
3.710000 0.000002
3.720000 0.000001
3.730000 0.000001
3.740000 0.000001
3.750000 0.000001
3.760000 0.000001
3.770000 0.000000
3.780000 0.000000
3.790000 0.000000
3.800000 0.000000
3.810000 0.000000
3.820000 0.000000
3.830000 0.000000
3.840000 0.000000
3.850000 0.000000
3.860000 0.000000
3.870000 0.000000
3.880000 0.000000
3.890000 0.000000
3.900000 0.000000
3.910000 0.000000
3.920000 0.000000
3.930000 0.000000
3.940000 0.000000
3.950000 0.000000
3.960000 0.000000
3.970000 0.000000
3.980000 0.000000
3.990000 0.000000
4.000000 0.000000
4.010000 0.000000
4.020000 0.000000
4.030000 0.000000
4.040000 0.000000
4.050000 0.000000
4.060000 0.000000
4.070000 0.000000
4.080000 0.000000
4.090000 0.000000
4.100000 0.000000
4.110000 0.000000
4.120000 0.000000
4.130000 0.000000
4.140000 0.000000
4.150000 0.000000
4.160000 0.000000
4.170000 0.000000
4.180000 0.000000
4.190000 0.000000
4.200000 0.000000
4.210000 0.000000
4.220000 0.000000
4.230000 0.000000
4.240000 0.000000
4.250000 0.000000
4.260000 0.000000
4.270000 0.000000
4.280000 0.000000
4.290000 0.000000
4.300000 0.000000
4.310000 0.000000
4.320000 0.000000
4.330000 0.000000
4.340000 0.000000
4.350000 0.000000
4.360000 0.000000
4.370000 0.000000
4.380000 0.000000
4.390000 0.000000
4.400000 0.000000
4.410000 0.000000
4.420000 0.000000
4.430000 0.000000
4.440000 0.000000
4.450000 0.000000
4.460000 0.000000
4.470000 0.000000
4.480000 0.000000
4.490000 0.000000
4.500000 0.000000
4.510000 0.000000
4.520000 0.000000
4.530000 0.000000
4.540000 0.000000
4.550000 0.000000
4.560000 0.000000
4.570000 0.000000
4.580000 0.000000
4.590000 0.000000
4.600000 0.000000
4.610000 0.000000
4.620000 0.000000
4.630000 0.000000
4.640000 0.000000
4.650000 0.000000
4.660000 0.000000
4.670000 0.000000
4.680000 0.000000
4.690000 0.000000
4.700000 0.000000
4.710000 0.000000
4.720000 0.000000
4.730000 0.000000
4.740000 0.000000
4.750000 0.000000
4.760000 0.000000
4.770000 0.000000
4.780000 0.000000
4.790000 0.000000
4.800000 0.000000
4.810000 0.000000
4.820000 0.000000
4.830000 0.000000
4.840000 0.000000
4.850000 0.000000
4.860000 0.000000
4.870000 0.000000
4.880000 0.000000
4.890000 0.000000
4.900000 0.000000
4.910000 0.000000
4.920000 0.000000
4.930000 0.000000
4.940000 0.000000
4.950000 0.000000
4.960000 0.000000
4.970000 0.000000
4.980000 0.000000
4.990000 0.000000
5.000000 0.000000
5.010000 -0.000000
5.020000 -0.000000
5.030000 -0.000000
5.040000 -0.000000
5.050000 -0.000000
5.060000 -0.000000
5.070000 -0.000000
5.080000 -0.000000
5.090000 -0.000000
5.100000 -0.000000
5.110000 -0.000000
5.120000 -0.000000
5.130000 -0.000000
5.140000 -0.000000
5.150000 -0.000000
5.160000 -0.000000
5.170000 -0.000000
5.180000 -0.000000
5.190000 -0.000000
5.200000 -0.000000
5.210000 -0.000000
5.220000 -0.000000
5.230000 -0.000000
5.240000 -0.000000
5.250000 -0.000000
5.260000 -0.000000
5.270000 -0.000000
5.280000 -0.000000
5.290000 -0.000000
5.300000 -0.000000
5.310000 -0.000000
5.320000 -0.000000
5.330000 -0.000000
5.340000 -0.000000
5.350000 -0.000000
5.360000 -0.000000
5.370000 -0.000000
5.380000 -0.000000
5.390000 -0.000000
5.400000 -0.000000
5.410000 -0.000000
5.420000 -0.000000
5.430000 -0.000000
5.440000 -0.000000
5.450000 -0.000000
5.460000 -0.000000
5.470000 -0.000000
5.480000 -0.000000
5.490000 -0.000000
5.500000 -0.000000
5.510000 -0.000000
5.520000 -0.000000
5.530000 -0.000000
5.540000 -0.000000
5.550000 -0.000000
5.560000 -0.000000
5.570000 -0.000000
5.580000 -0.000000
5.590000 -0.000000
5.600000 -0.000000
5.610000 -0.000000
5.620000 -0.000000
5.630000 -0.000000
5.640000 -0.000000
5.650000 -0.000000
5.660000 -0.000000
5.670000 -0.000000
5.680000 -0.000000
5.690000 -0.000000
5.700000 -0.000000
5.710000 -0.000000
5.720000 -0.000000
5.730000 -0.000000
5.740000 -0.000000
5.750000 -0.000000
5.760000 -0.000000
5.770000 -0.000000
5.780000 -0.000000
5.790000 -0.000000
5.800000 -0.000000
5.810000 -0.000000
5.820000 -0.000000
5.830000 -0.000000
5.840000 -0.000000
5.850000 -0.000000
5.860000 -0.000000
5.870000 -0.000000
5.880000 -0.000000
5.890000 -0.000000
5.900000 -0.000000
5.910000 -0.000000
5.920000 -0.000000
5.930000 -0.000000
5.940000 -0.000000
5.950000 -0.000000
5.960000 -0.000000
5.970000 -0.000000
5.980000 -0.000000
5.990000 -0.000000
6.000000 -0.000000
6.010000 -0.000000
6.020000 -0.000000
6.030000 -0.000000
6.040000 -0.000000
6.050000 -0.000000
6.060000 -0.000000
6.070000 -0.000000
6.080000 -0.000000
6.090000 -0.000000
6.100000 -0.000000
6.110000 -0.000000
6.120000 -0.000000
6.130000 -0.000000
6.140000 -0.000000
6.150000 -0.000000
6.160000 -0.000000
6.170000 -0.000000
6.180000 -0.000000
6.190000 -0.000000
6.200000 -0.000000
6.210000 -0.000000
6.220000 -0.000000
6.230000 -0.000000
6.240000 -0.000001
6.250000 -0.000001
6.260000 -0.000001
6.270000 -0.000001
6.280000 -0.000001
6.290000 -0.000002
6.300000 -0.000002
6.310000 -0.000003
6.320000 -0.000004
6.330000 -0.000005
6.340000 -0.000006
6.350000 -0.000008
6.360000 -0.000010
6.370000 -0.000012
6.380000 -0.000015
6.390000 -0.000018
6.400000 -0.000023
6.410000 -0.000028
6.420000 -0.000035
6.430000 -0.000043
6.440000 -0.000052
6.450000 -0.000064
6.460000 -0.000078
6.470000 -0.000095
6.480000 -0.000115
6.490000 -0.000139
6.500000 -0.000168
6.510000 -0.000203
6.520000 -0.000244
6.530000 -0.000292
6.540000 -0.000349
6.550000 -0.000416
6.560000 -0.000495
6.570000 -0.000588
6.580000 -0.000697
6.590000 -0.000823
6.600000 -0.000970
6.610000 -0.001141
6.620000 -0.001340
6.630000 -0.001569
6.640000 -0.001833
6.650000 -0.002137
6.660000 -0.002486
6.670000 -0.002886
6.680000 -0.003342
6.690000 -0.003863
6.700000 -0.004456
6.710000 -0.005128
6.720000 -0.005890
6.730000 -0.006750
6.740000 -0.007721
6.750000 -0.008813
6.760000 -0.010039
6.770000 -0.011412
6.780000 -0.012947
6.790000 -0.014659
6.800000 -0.016565
6.810000 -0.018681
6.820000 -0.021027
6.830000 -0.023620
6.840000 -0.026482
6.850000 -0.029634
6.860000 -0.033097
6.870000 -0.036894
6.880000 -0.041049
6.890000 -0.045584
6.900000 -0.050527
6.910000 -0.055900
6.920000 -0.061729
6.930000 -0.068040
6.940000 -0.074859
6.950000 -0.082209
6.960000 -0.090116
6.970000 -0.098603
6.980000 -0.107695
6.990000 -0.117413
7.000000 -0.127779
7.010000 -0.138811
7.020000 -0.150526
7.030000 -0.162942
7.040000 -0.176068
7.050000 -0.189919
7.060000 -0.204498
7.070000 -0.219813
7.080000 -0.235863
7.090000 -0.252647
7.100000 -0.270155
7.110000 -0.288380
7.120000 -0.307305
7.130000 -0.326911
7.140000 -0.347173
7.150000 -0.368065
7.160000 -0.389550
7.170000 -0.411592
7.180000 -0.434145
7.190000 -0.457164
7.200000 -0.480594
7.210000 -0.504379
7.220000 -0.528455
7.230000 -0.552757
7.240000 -0.577213
7.250000 -0.601751
7.260000 -0.626293
7.270000 -0.650755
7.280000 -0.675057
7.290000 -0.699111
7.300000 -0.722832
7.310000 -0.746129
7.320000 -0.768914
7.330000 -0.791096
7.340000 -0.812587
7.350000 -0.833297
7.360000 -0.853142
7.370000 -0.872035
7.380000 -0.889896
7.390000 -0.906645
7.400000 -0.922209
7.410000 -0.936516
7.420000 -0.949502
7.430000 -0.961107
7.440000 -0.971279
7.450000 -0.979967
7.460000 -0.987133
7.470000 -0.992742
7.480000 -0.996768
7.490000 -0.999191
7.500000 -1.000000
7.510000 -0.999191
7.520000 -0.996768
7.530000 -0.992742
7.540000 -0.987133
7.550000 -0.979967
7.560000 -0.971279
7.570000 -0.961107
7.580000 -0.949502
7.590000 -0.936516
7.600000 -0.922209
7.610000 -0.906645
7.620000 -0.889896
7.630000 -0.872035
7.640000 -0.853142
7.650000 -0.833297
7.660000 -0.812587
7.670000 -0.791096
7.680000 -0.768914
7.690000 -0.746129
7.700000 -0.722832
7.710000 -0.699111
7.720000 -0.675057
7.730000 -0.650755
7.740000 -0.626293
7.750000 -0.601751
7.760000 -0.577213
7.770000 -0.552757
7.780000 -0.528455
7.790000 -0.504379
7.800000 -0.480594
7.810000 -0.457164
7.820000 -0.434145
7.830000 -0.411592
7.840000 -0.389550
7.850000 -0.368065
7.860000 -0.347173
7.870000 -0.326911
7.880000 -0.307305
7.890000 -0.288380
7.900000 -0.270155
7.910000 -0.252647
7.920000 -0.235863
7.930000 -0.219813
7.940000 -0.204498
7.950000 -0.189919
7.960000 -0.176068
7.970000 -0.162942
7.980000 -0.150526
7.990000 -0.138811
8.000000 -0.127779
8.010000 -0.117413
8.020000 -0.107695
8.030000 -0.098604
8.040000 -0.090116
8.050000 -0.082209
8.060000 -0.074858
8.070000 -0.068041
8.080000 -0.061729
8.090000 -0.055900
8.100000 -0.050526
8.110000 -0.045585
8.120000 -0.041049
8.130000 -0.036894
8.140000 -0.033097
8.150000 -0.029634
8.160000 -0.026482
8.170000 -0.023620
8.180000 -0.021027
8.190000 -0.018681
8.200000 -0.016565
8.210000 -0.014659
8.220000 -0.012947
8.230000 -0.011412
8.240000 -0.010039
8.250000 -0.008813
8.260000 -0.007721
8.270000 -0.006750
8.280000 -0.005890
8.290000 -0.005128
8.300000 -0.004456
8.310000 -0.003863
8.320000 -0.003342
8.330000 -0.002886
8.340000 -0.002486
8.350000 -0.002137
8.360000 -0.001833
8.370000 -0.001569
8.380000 -0.001340
8.390000 -0.001141
8.400000 -0.000970
8.410000 -0.000823
8.420000 -0.000697
8.430000 -0.000588
8.440000 -0.000495
8.450000 -0.000416
8.460000 -0.000349
8.470000 -0.000292
8.480000 -0.000244
8.490000 -0.000203
8.500000 -0.000168
8.510000 -0.000139
8.520000 -0.000115
8.530000 -0.000095
8.540000 -0.000078
8.550000 -0.000064
8.560000 -0.000052
8.570000 -0.000043
8.580000 -0.000035
8.590000 -0.000028
8.600000 -0.000023
8.610000 -0.000018
8.620000 -0.000015
8.630000 -0.000012
8.640000 -0.000010
8.650000 -0.000008
8.660000 -0.000006
8.670000 -0.000005
8.680000 -0.000004
8.690000 -0.000003
8.700000 -0.000002
8.710000 -0.000002
8.720000 -0.000001
8.730000 -0.000001
8.740000 -0.000001
8.750000 -0.000001
8.760000 -0.000001
8.770000 -0.000000
8.780000 -0.000000
8.790000 -0.000000
8.800000 -0.000000
8.810000 -0.000000
8.820000 -0.000000
8.830000 -0.000000
8.840000 -0.000000
8.850000 -0.000000
8.860000 -0.000000
8.870000 -0.000000
8.880000 -0.000000
8.890000 -0.000000
8.900000 -0.000000
8.910000 -0.000000
8.920000 -0.000000
8.930000 -0.000000
8.940000 -0.000000
8.950000 -0.000000
8.960000 -0.000000
8.970000 -0.000000
8.980000 -0.000000
8.990000 -0.000000
9.000000 -0.000000
9.010000 -0.000000
9.020000 -0.000000
9.030000 -0.000000
9.040000 -0.000000
9.050000 -0.000000
9.060000 -0.000000
9.070000 -0.000000
9.080000 -0.000000
9.090000 -0.000000
9.100000 -0.000000
9.110000 -0.000000
9.120000 -0.000000
9.130000 -0.000000
9.140000 -0.000000
9.150000 -0.000000
9.160000 -0.000000
9.170000 -0.000000
9.180000 -0.000000
9.190000 -0.000000
9.200000 -0.000000
9.210000 -0.000000
9.220000 -0.000000
9.230000 -0.000000
9.240000 -0.000000
9.250000 -0.000000
9.260000 -0.000000
9.270000 -0.000000
9.280000 -0.000000
9.290000 -0.000000
9.300000 -0.000000
9.310000 -0.000000
9.320000 -0.000000
9.330000 -0.000000
9.340000 -0.000000
9.350000 -0.000000
9.360000 -0.000000
9.370000 -0.000000
9.380000 -0.000000
9.390000 -0.000000
9.400000 -0.000000
9.410000 -0.000000
9.420000 -0.000000
9.430000 -0.000000
9.440000 -0.000000
9.450000 -0.000000
9.460000 -0.000000
9.470000 -0.000000
9.480000 -0.000000
9.490000 -0.000000
9.500000 -0.000000
9.510000 -0.000000
9.520000 -0.000000
9.530000 -0.000000
9.540000 -0.000000
9.550000 -0.000000
9.560000 -0.000000
9.570000 -0.000000
9.580000 -0.000000
9.590000 -0.000000
9.600000 -0.000000
9.610000 -0.000000
9.620000 -0.000000
9.630000 -0.000000
9.640000 -0.000000
9.650000 -0.000000
9.660000 -0.000000
9.670000 -0.000000
9.680000 -0.000000
9.690000 -0.000000
9.700000 -0.000000
9.710000 -0.000000
9.720000 -0.000000
9.730000 -0.000000
9.740000 -0.000000
9.750000 -0.000000
9.760000 -0.000000
9.770000 -0.000000
9.780000 -0.000000
9.790000 -0.000000
9.800000 -0.000000
9.810000 -0.000000
9.820000 -0.000000
9.830000 -0.000000
9.840000 -0.000000
9.850000 -0.000000
9.860000 -0.000000
9.870000 -0.000000
9.880000 -0.000000
9.890000 -0.000000
9.900000 -0.000000
9.910000 -0.000000
9.920000 -0.000000
9.930000 -0.000000
9.940000 -0.000000
9.950000 -0.000000
9.960000 -0.000000
9.970000 -0.000000
9.980000 -0.000000
9.990000 -0.000000
10.000000 -0.000000
