0.000000 0.000000
0.010000 0.000000
0.020000 0.000000
0.030000 0.000000
0.040000 0.000000
0.050000 0.000000
0.060000 0.000000
0.070000 0.000000
0.080000 0.000000
0.090000 0.000000
0.100000 0.000000
0.110000 0.000000
0.120000 0.000000
0.130000 0.000000
0.140000 0.000000
0.150000 0.000000
0.160000 0.000000
0.170000 0.000000
0.180000 0.000000
0.190000 0.000000
0.200000 0.000000
0.210000 0.000000
0.220000 0.000000
0.230000 0.000000
0.240000 0.000000
0.250000 0.000000
0.260000 0.000000
0.270000 0.000000
0.280000 0.000000
0.290000 0.000000
0.300000 0.000000
0.310000 0.000000
0.320000 0.000000
0.330000 0.000000
0.340000 0.000000
0.350000 0.000000
0.360000 0.000000
0.370000 0.000000
0.380000 0.000000
0.390000 0.000000
0.400000 0.000000
0.410000 0.000000
0.420000 0.000000
0.430000 0.000000
0.440000 0.000000
0.450000 0.000000
0.460000 0.000000
0.470000 0.000000
0.480000 0.000000
0.490000 0.000000
0.500000 0.000000
0.510000 0.000000
0.520000 0.000000
0.530000 0.000000
0.540000 0.000000
0.550000 0.000000
0.560000 0.000000
0.570000 0.000000
0.580000 0.000000
0.590000 0.000000
0.600000 0.000000
0.610000 0.000000
0.620000 0.000000
0.630000 0.000000
0.640000 0.000000
0.650000 0.000000
0.660000 0.000000
0.670000 0.000000
0.680000 0.000000
0.690000 0.000000
0.700000 0.000000
0.710000 0.000000
0.720000 0.000000
0.730000 0.000000
0.740000 0.000000
0.750000 0.000000
0.760000 0.000000
0.770000 0.000000
0.780000 0.000000
0.790000 0.000000
0.800000 0.000000
0.810000 0.000000
0.820000 0.000000
0.830000 0.000000
0.840000 0.000000
0.850000 0.000000
0.860000 0.000000
0.870000 0.000000
0.880000 0.000000
0.890000 0.000000
0.900000 0.000000
0.910000 0.000000
0.920000 0.000000
0.930000 0.000000
0.940000 0.000000
0.950000 0.000000
0.960000 0.000000
0.970000 0.000000
0.980000 0.000000
0.990000 0.000000
1.000000 0.000000
1.010000 0.000000
1.020000 0.000000
1.030000 0.000000
1.040000 0.000001
1.050000 0.000001
1.060000 0.000001
1.070000 0.000001
1.080000 0.000001
1.090000 0.000002
1.100000 0.000002
1.110000 0.000003
1.120000 0.000003
1.130000 0.000004
1.140000 0.000005
1.150000 0.000006
1.160000 0.000008
1.170000 0.000009
1.180000 0.000011
1.190000 0.000014
1.200000 0.000017
1.210000 0.000020
1.220000 0.000025
1.230000 0.000030
1.240000 0.000036
1.250000 0.000043
1.260000 0.000052
1.270000 0.000062
1.280000 0.000074
1.290000 0.000088
1.300000 0.000104
1.310000 0.000124
1.320000 0.000146
1.330000 0.000173
1.340000 0.000203
1.350000 0.000239
1.360000 0.000281
1.370000 0.000328
1.380000 0.000384
1.390000 0.000447
1.400000 0.000521
1.410000 0.000605
1.420000 0.000701
1.430000 0.000811
1.440000 0.000937
1.450000 0.001081
1.460000 0.001243
1.470000 0.001428
1.480000 0.001638
1.490000 0.001875
1.500000 0.002142
1.510000 0.002443
1.520000 0.002781
1.530000 0.003161
1.540000 0.003587
1.550000 0.004063
1.560000 0.004595
1.570000 0.005188
1.580000 0.005848
1.590000 0.006580
1.600000 0.007393
1.610000 0.008293
1.620000 0.009287
1.630000 0.010384
1.640000 0.011593
1.650000 0.012922
1.660000 0.014381
1.670000 0.015980
1.680000 0.017730
1.690000 0.019643
1.700000 0.021728
1.710000 0.024000
1.720000 0.026470
1.730000 0.029151
1.740000 0.032056
1.750000 0.035200
1.760000 0.038597
1.770000 0.042261
1.780000 0.046207
1.790000 0.050450
1.800000 0.055005
1.810000 0.059887
1.820000 0.065113
1.830000 0.070696
1.840000 0.076653
1.850000 0.082999
1.860000 0.089747
1.870000 0.096913
1.880000 0.104511
1.890000 0.112553
1.900000 0.121054
1.910000 0.130024
1.920000 0.139474
1.930000 0.149416
1.940000 0.159857
1.950000 0.170806
1.960000 0.182269
1.970000 0.194251
1.980000 0.206755
1.990000 0.219784
2.000000 0.233337
2.010000 0.247412
2.020000 0.262006
2.030000 0.277112
2.040000 0.292724
2.050000 0.308829
2.060000 0.325416
2.070000 0.342471
2.080000 0.359975
2.090000 0.377909
2.100000 0.396251
2.110000 0.414977
2.120000 0.434059
2.130000 0.453469
2.140000 0.473174
2.150000 0.493141
2.160000 0.513332
2.170000 0.533710
2.180000 0.554234
2.190000 0.574862
2.200000 0.595548
2.210000 0.616247
2.220000 0.636911
2.230000 0.657491
2.240000 0.677937
2.250000 0.698197
2.260000 0.718219
2.270000 0.737950
2.280000 0.757337
2.290000 0.776328
2.300000 0.794867
2.310000 0.812904
2.320000 0.830384
2.330000 0.847258
2.340000 0.863474
2.350000 0.878983
2.360000 0.893738
2.370000 0.907692
2.380000 0.920803
2.390000 0.933028
2.400000 0.944328
2.410000 0.954668
2.420000 0.964012
2.430000 0.972332
2.440000 0.979598
2.450000 0.985789
2.460000 0.990882
2.470000 0.994861
2.480000 0.997713
2.490000 0.999428
2.500000 1.000000
2.510000 0.999428
2.520000 0.997713
2.530000 0.994861
2.540000 0.990882
2.550000 0.985789
2.560000 0.979598
2.570000 0.972332
2.580000 0.964012
2.590000 0.954668
2.600000 0.944328
2.610000 0.933028
2.620000 0.920803
2.630000 0.907692
2.640000 0.893738
2.650000 0.878983
2.660000 0.863474
2.670000 0.847258
2.680000 0.830384
2.690000 0.812904
2.700000 0.794867
2.710000 0.776328
2.720000 0.757337
2.730000 0.737950
2.740000 0.718219
2.750000 0.698197
2.760000 0.677937
2.770000 0.657491
2.780000 0.636911
2.790000 0.616247
2.800000 0.595548
2.810000 0.574862
2.820000 0.554234
2.830000 0.533710
2.840000 0.513332
2.850000 0.493141
2.860000 0.473174
2.870000 0.453469
2.880000 0.434059
2.890000 0.414977
2.900000 0.396251
2.910000 0.377909
2.920000 0.359975
2.930000 0.342471
2.940000 0.325416
2.950000 0.308829
2.960000 0.292724
2.970000 0.277112
2.980000 0.262006
2.990000 0.247412
3.000000 0.233337
3.010000 0.219784
3.020000 0.206755
3.030000 0.194251
3.040000 0.182269
3.050000 0.170806
3.060000 0.159857
3.070000 0.149416
3.080000 0.139474
3.090000 0.130024
3.100000 0.121054
3.110000 0.112554
3.120000 0.104511
3.130000 0.096913
3.140000 0.089747
3.150000 0.082999
3.160000 0.076653
3.170000 0.070696
3.180000 0.065113
3.190000 0.059887
3.200000 0.055005
3.210000 0.050450
3.220000 0.046207
3.230000 0.042261
3.240000 0.038597
3.250000 0.035200
3.260000 0.032056
3.270000 0.029151
3.280000 0.026470
3.290000 0.024000
3.300000 0.021728
3.310000 0.019643
3.320000 0.017730
3.330000 0.015980
3.340000 0.014381
3.350000 0.012922
3.360000 0.011593
3.370000 0.010384
3.380000 0.009287
3.390000 0.008293
3.400000 0.007393
3.410000 0.006580
3.420000 0.005848
3.430000 0.005188
3.440000 0.004595
3.450000 0.004063
3.460000 0.003587
3.470000 0.003161
3.480000 0.002781
3.490000 0.002443
3.500000 0.002142
3.510000 0.001875
3.520000 0.001638
3.530000 0.001428
3.540000 0.001243
3.550000 0.001081
3.560000 0.000937
3.570000 0.000812
3.580000 0.000701
3.590000 0.000605
3.600000 0.000521
3.610000 0.000447
3.620000 0.000384
3.630000 0.000328
3.640000 0.000281
3.650000 0.000239
3.660000 0.000203
3.670000 0.000173
3.680000 0.000146
3.690000 0.000124
3.700000 0.000104
3.710000 0.000088
3.720000 0.000074
3.730000 0.000062
3.740000 0.000052
3.750000 0.000043
3.760000 0.000036
3.770000 0.000030
3.780000 0.000025
3.790000 0.000020
3.800000 0.000017
3.810000 0.000014
3.820000 0.000011
3.830000 0.000009
3.840000 0.000008
3.850000 0.000006
3.860000 0.000005
3.870000 0.000004
3.880000 0.000003
3.890000 0.000003
3.900000 0.000002
3.910000 0.000002
3.920000 0.000001
3.930000 0.000001
3.940000 0.000001
3.950000 0.000001
3.960000 0.000001
3.970000 0.000000
3.980000 0.000000
3.990000 0.000000
4.000000 0.000000
4.010000 0.000000
4.020000 0.000000
4.030000 0.000000
4.040000 0.000000
4.050000 0.000000
4.060000 0.000000
4.070000 0.000000
4.080000 0.000000
4.090000 0.000000
4.100000 0.000000
4.110000 0.000000
4.120000 0.000000
4.130000 0.000000
4.140000 0.000000
4.150000 0.000000
4.160000 0.000000
4.170000 0.000000
4.180000 0.000000
4.190000 0.000000
4.200000 0.000000
4.210000 0.000000
4.220000 0.000000
4.230000 0.000000
4.240000 0.000000
4.250000 0.000000
4.260000 0.000000
4.270000 0.000000
4.280000 0.000000
4.290000 0.000000
4.300000 0.000000
4.310000 0.000000
4.320000 0.000000
4.330000 0.000000
4.340000 0.000000
4.350000 0.000000
4.360000 0.000000
4.370000 0.000000
4.380000 0.000000
4.390000 0.000000
4.400000 0.000000
4.410000 0.000000
4.420000 0.000000
4.430000 0.000000
4.440000 0.000000
4.450000 0.000000
4.460000 0.000000
4.470000 0.000000
4.480000 0.000000
4.490000 0.000000
4.500000 0.000000
4.510000 0.000000
4.520000 0.000000
4.530000 0.000000
4.540000 0.000000
4.550000 0.000000
4.560000 0.000000
4.570000 0.000000
4.580000 0.000000
4.590000 0.000000
4.600000 0.000000
4.610000 0.000000
4.620000 0.000000
4.630000 0.000000
4.640000 0.000000
4.650000 0.000000
4.660000 0.000000
4.670000 0.000000
4.680000 0.000000
4.690000 0.000000
4.700000 0.000000
4.710000 0.000000
4.720000 0.000000
4.730000 0.000000
4.740000 0.000000
4.750000 0.000000
4.760000 0.000000
4.770000 0.000000
4.780000 0.000000
4.790000 0.000000
4.800000 0.000000
4.810000 0.000000
4.820000 0.000000
4.830000 0.000000
4.840000 0.000000
4.850000 0.000000
4.860000 0.000000
4.870000 0.000000
4.880000 0.000000
4.890000 0.000000
4.900000 0.000000
4.910000 0.000000
4.920000 0.000000
4.930000 0.000000
4.940000 0.000000
4.950000 0.000000
4.960000 0.000000
4.970000 0.000000
4.980000 0.000000
4.990000 0.000000
5.000000 0.000000
5.010000 -0.000000
5.020000 -0.000000
5.030000 -0.000000
5.040000 -0.000000
5.050000 -0.000000
5.060000 -0.000000
5.070000 -0.000000
5.080000 -0.000000
5.090000 -0.000000
5.100000 -0.000000
5.110000 -0.000000
5.120000 -0.000000
5.130000 -0.000000
5.140000 -0.000000
5.150000 -0.000000
5.160000 -0.000000
5.170000 -0.000000
5.180000 -0.000000
5.190000 -0.000000
5.200000 -0.000000
5.210000 -0.000000
5.220000 -0.000000
5.230000 -0.000000
5.240000 -0.000000
5.250000 -0.000000
5.260000 -0.000000
5.270000 -0.000000
5.280000 -0.000000
5.290000 -0.000000
5.300000 -0.000000
5.310000 -0.000000
5.320000 -0.000000
5.330000 -0.000000
5.340000 -0.000000
5.350000 -0.000000
5.360000 -0.000000
5.370000 -0.000000
5.380000 -0.000000
5.390000 -0.000000
5.400000 -0.000000
5.410000 -0.000000
5.420000 -0.000000
5.430000 -0.000000
5.440000 -0.000000
5.450000 -0.000000
5.460000 -0.000000
5.470000 -0.000000
5.480000 -0.000000
5.490000 -0.000000
5.500000 -0.000000
5.510000 -0.000000
5.520000 -0.000000
5.530000 -0.000000
5.540000 -0.000000
5.550000 -0.000000
5.560000 -0.000000
5.570000 -0.000000
5.580000 -0.000000
5.590000 -0.000000
5.600000 -0.000000
5.610000 -0.000000
5.620000 -0.000000
5.630000 -0.000000
5.640000 -0.000000
5.650000 -0.000000
5.660000 -0.000000
5.670000 -0.000000
5.680000 -0.000000
5.690000 -0.000000
5.700000 -0.000000
5.710000 -0.000000
5.720000 -0.000000
5.730000 -0.000000
5.740000 -0.000000
5.750000 -0.000000
5.760000 -0.000000
5.770000 -0.000000
5.780000 -0.000000
5.790000 -0.000000
5.800000 -0.000000
5.810000 -0.000000
5.820000 -0.000000
5.830000 -0.000000
5.840000 -0.000000
5.850000 -0.000000
5.860000 -0.000000
5.870000 -0.000000
5.880000 -0.000000
5.890000 -0.000000
5.900000 -0.000000
5.910000 -0.000000
5.920000 -0.000000
5.930000 -0.000000
5.940000 -0.000000
5.950000 -0.000000
5.960000 -0.000000
5.970000 -0.000000
5.980000 -0.000000
5.990000 -0.000000
6.000000 -0.000000
6.010000 -0.000000
6.020000 -0.000000
6.030000 -0.000000
6.040000 -0.000001
6.050000 -0.000001
6.060000 -0.000001
6.070000 -0.000001
6.080000 -0.000001
6.090000 -0.000002
6.100000 -0.000002
6.110000 -0.000003
6.120000 -0.000003
6.130000 -0.000004
6.140000 -0.000005
6.150000 -0.000006
6.160000 -0.000008
6.170000 -0.000009
6.180000 -0.000011
6.190000 -0.000014
6.200000 -0.000017
6.210000 -0.000020
6.220000 -0.000025
6.230000 -0.000030
6.240000 -0.000036
6.250000 -0.000043
6.260000 -0.000052
6.270000 -0.000062
6.280000 -0.000074
6.290000 -0.000088
6.300000 -0.000104
6.310000 -0.000124
6.320000 -0.000146
6.330000 -0.000173
6.340000 -0.000203
6.350000 -0.000239
6.360000 -0.000281
6.370000 -0.000328
6.380000 -0.000384
6.390000 -0.000447
6.400000 -0.000521
6.410000 -0.000605
6.420000 -0.000701
6.430000 -0.000811
6.440000 -0.000937
6.450000 -0.001081
6.460000 -0.001243
6.470000 -0.001428
6.480000 -0.001638
6.490000 -0.001875
6.500000 -0.002142
6.510000 -0.002443
6.520000 -0.002781
6.530000 -0.003161
6.540000 -0.003587
6.550000 -0.004063
6.560000 -0.004595
6.570000 -0.005188
6.580000 -0.005848
6.590000 -0.006580
6.600000 -0.007393
6.610000 -0.008293
6.620000 -0.009287
6.630000 -0.010384
6.640000 -0.011593
6.650000 -0.012922
6.660000 -0.014381
6.670000 -0.015980
6.680000 -0.017730
6.690000 -0.019643
6.700000 -0.021728
6.710000 -0.024000
6.720000 -0.026470
6.730000 -0.029151
6.740000 -0.032056
6.750000 -0.035200
6.760000 -0.038597
6.770000 -0.042261
6.780000 -0.046207
6.790000 -0.050450
6.800000 -0.055005
6.810000 -0.059887
6.820000 -0.065113
6.830000 -0.070696
6.840000 -0.076653
6.850000 -0.082999
6.860000 -0.089747
6.870000 -0.096913
6.880000 -0.104511
6.890000 -0.112553
6.900000 -0.121054
6.910000 -0.130024
6.920000 -0.139474
6.930000 -0.149416
6.940000 -0.159857
6.950000 -0.170806
6.960000 -0.182269
6.970000 -0.194251
6.980000 -0.206755
6.990000 -0.219784
7.000000 -0.233337
7.010000 -0.247413
7.020000 -0.262006
7.030000 -0.277113
7.040000 -0.292724
7.050000 -0.308829
7.060000 -0.325416
7.070000 -0.342471
7.080000 -0.359975
7.090000 -0.377909
7.100000 -0.396251
7.110000 -0.414977
7.120000 -0.434059
7.130000 -0.453469
7.140000 -0.473174
7.150000 -0.493141
7.160000 -0.513332
7.170000 -0.533710
7.180000 -0.554234
7.190000 -0.574862
7.200000 -0.595547
7.210000 -0.616247
7.220000 -0.636911
7.230000 -0.657491
7.240000 -0.677936
7.250000 -0.698197
7.260000 -0.718219
7.270000 -0.737950
7.280000 -0.757338
7.290000 -0.776328
7.300000 -0.794868
7.310000 -0.812904
7.320000 -0.830385
7.330000 -0.847258
7.340000 -0.863474
7.350000 -0.878983
7.360000 -0.893738
7.370000 -0.907692
7.380000 -0.920803
7.390000 -0.933028
7.400000 -0.944328
7.410000 -0.954667
7.420000 -0.964012
7.430000 -0.972331
7.440000 -0.979598
7.450000 -0.985789
7.460000 -0.990882
7.470000 -0.994861
7.480000 -0.997713
7.490000 -0.999428
7.500000 -1.000000
7.510000 -0.999428
7.520000 -0.997713
7.530000 -0.994861
7.540000 -0.990882
7.550000 -0.985789
7.560000 -0.979598
7.570000 -0.972331
7.580000 -0.964012
7.590000 -0.954667
7.600000 -0.944328
7.610000 -0.933028
7.620000 -0.920803
7.630000 -0.907692
7.640000 -0.893738
7.650000 -0.878983
7.660000 -0.863474
7.670000 -0.847258
7.680000 -0.830385
7.690000 -0.812904
7.700000 -0.794868
7.710000 -0.776328
7.720000 -0.757338
7.730000 -0.737950
7.740000 -0.718219
7.750000 -0.698197
7.760000 -0.677936
7.770000 -0.657491
7.780000 -0.636911
7.790000 -0.616247
7.800000 -0.595547
7.810000 -0.574862
7.820000 -0.554234
7.830000 -0.533710
7.840000 -0.513332
7.850000 -0.493141
7.860000 -0.473174
7.870000 -0.453469
7.880000 -0.434059
7.890000 -0.414977
7.900000 -0.396251
7.910000 -0.377909
7.920000 -0.359975
7.930000 -0.342471
7.940000 -0.325416
7.950000 -0.308829
7.960000 -0.292724
7.970000 -0.277113
7.980000 -0.262006
7.990000 -0.247413
8.000000 -0.233337
8.010000 -0.219784
8.020000 -0.206755
8.030000 -0.194251
8.040000 -0.182269
8.050000 -0.170806
8.060000 -0.159857
8.070000 -0.149416
8.080000 -0.139474
8.090000 -0.130024
8.100000 -0.121053
8.110000 -0.112554
8.120000 -0.104511
8.130000 -0.096913
8.140000 -0.089747
8.150000 -0.082999
8.160000 -0.076653
8.170000 -0.070696
8.180000 -0.065113
8.190000 -0.059888
8.200000 -0.055005
8.210000 -0.050450
8.220000 -0.046207
8.230000 -0.042261
8.240000 -0.038597
8.250000 -0.035200
8.260000 -0.032056
8.270000 -0.029150
8.280000 -0.026470
8.290000 -0.024000
8.300000 -0.021728
8.310000 -0.019643
8.320000 -0.017730
8.330000 -0.015980
8.340000 -0.014381
8.350000 -0.012922
8.360000 -0.011593
8.370000 -0.010384
8.380000 -0.009287
8.390000 -0.008293
8.400000 -0.007393
8.410000 -0.006580
8.420000 -0.005848
8.430000 -0.005188
8.440000 -0.004595
8.450000 -0.004063
8.460000 -0.003587
8.470000 -0.003161
8.480000 -0.002781
8.490000 -0.002443
8.500000 -0.002142
8.510000 -0.001875
8.520000 -0.001638
8.530000 -0.001428
8.540000 -0.001243
8.550000 -0.001081
8.560000 -0.000937
8.570000 -0.000812
8.580000 -0.000701
8.590000 -0.000605
8.600000 -0.000521
8.610000 -0.000447
8.620000 -0.000384
8.630000 -0.000328
8.640000 -0.000281
8.650000 -0.000239
8.660000 -0.000203
8.670000 -0.000173
8.680000 -0.000146
8.690000 -0.000124
8.700000 -0.000104
8.710000 -0.000088
8.720000 -0.000074
8.730000 -0.000062
8.740000 -0.000052
8.750000 -0.000043
8.760000 -0.000036
8.770000 -0.000030
8.780000 -0.000025
8.790000 -0.000020
8.800000 -0.000017
8.810000 -0.000014
8.820000 -0.000011
8.830000 -0.000009
8.840000 -0.000008
8.850000 -0.000006
8.860000 -0.000005
8.870000 -0.000004
8.880000 -0.000003
8.890000 -0.000003
8.900000 -0.000002
8.910000 -0.000002
8.920000 -0.000001
8.930000 -0.000001
8.940000 -0.000001
8.950000 -0.000001
8.960000 -0.000001
8.970000 -0.000000
8.980000 -0.000000
8.990000 -0.000000
9.000000 -0.000000
9.010000 -0.000000
9.020000 -0.000000
9.030000 -0.000000
9.040000 -0.000000
9.050000 -0.000000
9.060000 -0.000000
9.070000 -0.000000
9.080000 -0.000000
9.090000 -0.000000
9.100000 -0.000000
9.110000 -0.000000
9.120000 -0.000000
9.130000 -0.000000
9.140000 -0.000000
9.150000 -0.000000
9.160000 -0.000000
9.170000 -0.000000
9.180000 -0.000000
9.190000 -0.000000
9.200000 -0.000000
9.210000 -0.000000
9.220000 -0.000000
9.230000 -0.000000
9.240000 -0.000000
9.250000 -0.000000
9.260000 -0.000000
9.270000 -0.000000
9.280000 -0.000000
9.290000 -0.000000
9.300000 -0.000000
9.310000 -0.000000
9.320000 -0.000000
9.330000 -0.000000
9.340000 -0.000000
9.350000 -0.000000
9.360000 -0.000000
9.370000 -0.000000
9.380000 -0.000000
9.390000 -0.000000
9.400000 -0.000000
9.410000 -0.000000
9.420000 -0.000000
9.430000 -0.000000
9.440000 -0.000000
9.450000 -0.000000
9.460000 -0.000000
9.470000 -0.000000
9.480000 -0.000000
9.490000 -0.000000
9.500000 -0.000000
9.510000 -0.000000
9.520000 -0.000000
9.530000 -0.000000
9.540000 -0.000000
9.550000 -0.000000
9.560000 -0.000000
9.570000 -0.000000
9.580000 -0.000000
9.590000 -0.000000
9.600000 -0.000000
9.610000 -0.000000
9.620000 -0.000000
9.630000 -0.000000
9.640000 -0.000000
9.650000 -0.000000
9.660000 -0.000000
9.670000 -0.000000
9.680000 -0.000000
9.690000 -0.000000
9.700000 -0.000000
9.710000 -0.000000
9.720000 -0.000000
9.730000 -0.000000
9.740000 -0.000000
9.750000 -0.000000
9.760000 -0.000000
9.770000 -0.000000
9.780000 -0.000000
9.790000 -0.000000
9.800000 -0.000000
9.810000 -0.000000
9.820000 -0.000000
9.830000 -0.000000
9.840000 -0.000000
9.850000 -0.000000
9.860000 -0.000000
9.870000 -0.000000
9.880000 -0.000000
9.890000 -0.000000
9.900000 -0.000000
9.910000 -0.000000
9.920000 -0.000000
9.930000 -0.000000
9.940000 -0.000000
9.950000 -0.000000
9.960000 -0.000000
9.970000 -0.000000
9.980000 -0.000000
9.990000 -0.000000
10.000000 -0.000000
