0.000000 0.000000
0.010000 0.000000
0.020000 0.000000
0.030000 0.000000
0.040000 0.000000
0.050000 0.000000
0.060000 0.000000
0.070000 0.000000
0.080000 0.000000
0.090000 0.000000
0.100000 0.000000
0.110000 0.000000
0.120000 0.000000
0.130000 0.000000
0.140000 0.000000
0.150000 0.000000
0.160000 0.000000
0.170000 0.000000
0.180000 0.000000
0.190000 0.000000
0.200000 0.000000
0.210000 0.000000
0.220000 0.000000
0.230000 0.000000
0.240000 0.000000
0.250000 0.000000
0.260000 0.000000
0.270000 0.000000
0.280000 0.000000
0.290000 0.000000
0.300000 0.000000
0.310000 0.000000
0.320000 0.000000
0.330000 0.000000
0.340000 0.000000
0.350000 0.000000
0.360000 0.000000
0.370000 0.000000
0.380000 0.000000
0.390000 0.000000
0.400000 0.000000
0.410000 0.000000
0.420000 0.000000
0.430000 0.000000
0.440000 0.000000
0.450000 0.000000
0.460000 0.000000
0.470000 0.000000
0.480000 0.000000
0.490000 0.000000
0.500000 0.000000
0.510000 0.000000
0.520000 0.000000
0.530000 0.000000
0.540000 0.000000
0.550000 0.000000
0.560000 0.000000
0.570000 0.000000
0.580000 0.000000
0.590000 0.000000
0.600000 0.000000
0.610000 0.000000
0.620000 0.000000
0.630000 0.000000
0.640000 0.000000
0.650000 0.000000
0.660000 0.000000
0.670000 0.000000
0.680000 0.000000
0.690000 0.000000
0.700000 0.000000
0.710000 0.000000
0.720000 0.000000
0.730000 0.000000
0.740000 0.000000
0.750000 0.000000
0.760000 0.000000
0.770000 0.000000
0.780000 0.000000
0.790000 0.000000
0.800000 0.000000
0.810000 0.000000
0.820000 0.000000
0.830000 0.000000
0.840000 0.000000
0.850000 0.000000
0.860000 0.000000
0.870000 0.000000
0.880000 0.000000
0.890000 0.000000
0.900000 0.000000
0.910000 0.000000
0.920000 0.000000
0.930000 0.000000
0.940000 0.000000
0.950000 0.000001
0.960000 0.000001
0.970000 0.000001
0.980000 0.000001
0.990000 0.000001
1.000000 0.000002
1.010000 0.000002
1.020000 0.000003
1.030000 0.000003
1.040000 0.000004
1.050000 0.000005
1.060000 0.000006
1.070000 0.000007
1.080000 0.000009
1.090000 0.000011
1.100000 0.000013
1.110000 0.000016
1.120000 0.000019
1.130000 0.000023
1.140000 0.000027
1.150000 0.000032
1.160000 0.000039
1.170000 0.000046
1.180000 0.000055
1.190000 0.000065
1.200000 0.000077
1.210000 0.000091
1.220000 0.000107
1.230000 0.000126
1.240000 0.000147
1.250000 0.000173
1.260000 0.000202
1.270000 0.000235
1.280000 0.000274
1.290000 0.000319
1.300000 0.000370
1.310000 0.000428
1.320000 0.000495
1.330000 0.000571
1.340000 0.000657
1.350000 0.000755
1.360000 0.000867
1.370000 0.000993
1.380000 0.001135
1.390000 0.001296
1.400000 0.001477
1.410000 0.001681
1.420000 0.001910
1.430000 0.002166
1.440000 0.002452
1.450000 0.002772
1.460000 0.003129
1.470000 0.003526
1.480000 0.003967
1.490000 0.004457
1.500000 0.005000
1.510000 0.005600
1.520000 0.006263
1.530000 0.006994
1.540000 0.007799
1.550000 0.008684
1.560000 0.009655
1.570000 0.010719
1.580000 0.011885
1.590000 0.013158
1.600000 0.014547
1.610000 0.016061
1.620000 0.017708
1.630000 0.019497
1.640000 0.021438
1.650000 0.023541
1.660000 0.025816
1.670000 0.028272
1.680000 0.030922
1.690000 0.033777
1.700000 0.036847
1.710000 0.040145
1.720000 0.043682
1.730000 0.047470
1.740000 0.051522
1.750000 0.055850
1.760000 0.060466
1.770000 0.065383
1.780000 0.070613
1.790000 0.076169
1.800000 0.082061
1.810000 0.088304
1.820000 0.094907
1.830000 0.101883
1.840000 0.109242
1.850000 0.116994
1.860000 0.125150
1.870000 0.133719
1.880000 0.142708
1.890000 0.152127
1.900000 0.161981
1.910000 0.172277
1.920000 0.183018
1.930000 0.194211
1.940000 0.205855
1.950000 0.217954
1.960000 0.230507
1.970000 0.243512
1.980000 0.256967
1.990000 0.270866
2.000000 0.285206
2.010000 0.299976
2.020000 0.315169
2.030000 0.330774
2.040000 0.346777
2.050000 0.363163
2.060000 0.379917
2.070000 0.397021
2.080000 0.414453
2.090000 0.432194
2.100000 0.450218
2.110000 0.468501
2.120000 0.487015
2.130000 0.505732
2.140000 0.524621
2.150000 0.543650
2.160000 0.562786
2.170000 0.581994
2.180000 0.601237
2.190000 0.620479
2.200000 0.639680
2.210000 0.658801
2.220000 0.677801
2.230000 0.696640
2.240000 0.715276
2.250000 0.733666
2.260000 0.751767
2.270000 0.769538
2.280000 0.786936
2.290000 0.803917
2.300000 0.820440
2.310000 0.836464
2.320000 0.851948
2.330000 0.866851
2.340000 0.881135
2.350000 0.894762
2.360000 0.907695
2.370000 0.919899
2.380000 0.931342
2.390000 0.941992
2.400000 0.951819
2.410000 0.960796
2.420000 0.968898
2.430000 0.976102
2.440000 0.982387
2.450000 0.987737
2.460000 0.992135
2.470000 0.995568
2.480000 0.998028
2.490000 0.999507
2.500000 1.000000
2.510000 0.999507
2.520000 0.998028
2.530000 0.995568
2.540000 0.992135
2.550000 0.987737
2.560000 0.982387
2.570000 0.976102
2.580000 0.968898
2.590000 0.960796
2.600000 0.951819
2.610000 0.941992
2.620000 0.931342
2.630000 0.919899
2.640000 0.907695
2.650000 0.894762
2.660000 0.881135
2.670000 0.866851
2.680000 0.851948
2.690000 0.836464
2.700000 0.820440
2.710000 0.803917
2.720000 0.786936
2.730000 0.769538
2.740000 0.751767
2.750000 0.733666
2.760000 0.715276
2.770000 0.696640
2.780000 0.677801
2.790000 0.658801
2.800000 0.639680
2.810000 0.620479
2.820000 0.601237
2.830000 0.581994
2.840000 0.562786
2.850000 0.543650
2.860000 0.524621
2.870000 0.505732
2.880000 0.487015
2.890000 0.468501
2.900000 0.450218
2.910000 0.432194
2.920000 0.414453
2.930000 0.397021
2.940000 0.379917
2.950000 0.363163
2.960000 0.346777
2.970000 0.330774
2.980000 0.315169
2.990000 0.299976
3.000000 0.285206
3.010000 0.270866
3.020000 0.256967
3.030000 0.243512
3.040000 0.230507
3.050000 0.217954
3.060000 0.205855
3.070000 0.194211
3.080000 0.183019
3.090000 0.172277
3.100000 0.161981
3.110000 0.152127
3.120000 0.142708
3.130000 0.133719
3.140000 0.125150
3.150000 0.116994
3.160000 0.109242
3.170000 0.101883
3.180000 0.094907
3.190000 0.088304
3.200000 0.082061
3.210000 0.076169
3.220000 0.070613
3.230000 0.065383
3.240000 0.060466
3.250000 0.055850
3.260000 0.051522
3.270000 0.047470
3.280000 0.043682
3.290000 0.040145
3.300000 0.036847
3.310000 0.033777
3.320000 0.030922
3.330000 0.028272
3.340000 0.025816
3.350000 0.023541
3.360000 0.021438
3.370000 0.019497
3.380000 0.017708
3.390000 0.016061
3.400000 0.014547
3.410000 0.013158
3.420000 0.011885
3.430000 0.010719
3.440000 0.009655
3.450000 0.008684
3.460000 0.007799
3.470000 0.006994
3.480000 0.006263
3.490000 0.005600
3.500000 0.005000
3.510000 0.004457
3.520000 0.003967
3.530000 0.003526
3.540000 0.003129
3.550000 0.002772
3.560000 0.002452
3.570000 0.002166
3.580000 0.001910
3.590000 0.001681
3.600000 0.001477
3.610000 0.001296
3.620000 0.001135
3.630000 0.000993
3.640000 0.000867
3.650000 0.000755
3.660000 0.000657
3.670000 0.000571
3.680000 0.000495
3.690000 0.000428
3.700000 0.000370
3.710000 0.000319
3.720000 0.000274
3.730000 0.000235
3.740000 0.000202
3.750000 0.000173
3.760000 0.000147
3.770000 0.000126
3.780000 0.000107
3.790000 0.000091
3.800000 0.000077
3.810000 0.000065
3.820000 0.000055
3.830000 0.000046
3.840000 0.000039
3.850000 0.000032
3.860000 0.000027
3.870000 0.000023
3.880000 0.000019
3.890000 0.000016
3.900000 0.000013
3.910000 0.000011
3.920000 0.000009
3.930000 0.000007
3.940000 0.000006
3.950000 0.000005
3.960000 0.000004
3.970000 0.000003
3.980000 0.000003
3.990000 0.000002
4.000000 0.000002
4.010000 0.000001
4.020000 0.000001
4.030000 0.000001
4.040000 0.000001
4.050000 0.000001
4.060000 0.000000
4.070000 0.000000
4.080000 0.000000
4.090000 0.000000
4.100000 0.000000
4.110000 0.000000
4.120000 0.000000
4.130000 0.000000
4.140000 0.000000
4.150000 0.000000
4.160000 0.000000
4.170000 0.000000
4.180000 0.000000
4.190000 0.000000
4.200000 0.000000
4.210000 0.000000
4.220000 0.000000
4.230000 0.000000
4.240000 0.000000
4.250000 0.000000
4.260000 0.000000
4.270000 0.000000
4.280000 0.000000
4.290000 0.000000
4.300000 0.000000
4.310000 0.000000
4.320000 0.000000
4.330000 0.000000
4.340000 0.000000
4.350000 0.000000
4.360000 0.000000
4.370000 0.000000
4.380000 0.000000
4.390000 0.000000
4.400000 0.000000
4.410000 0.000000
4.420000 0.000000
4.430000 0.000000
4.440000 0.000000
4.450000 0.000000
4.460000 0.000000
4.470000 0.000000
4.480000 0.000000
4.490000 0.000000
4.500000 0.000000
4.510000 0.000000
4.520000 0.000000
4.530000 0.000000
4.540000 0.000000
4.550000 0.000000
4.560000 0.000000
4.570000 0.000000
4.580000 0.000000
4.590000 0.000000
4.600000 0.000000
4.610000 0.000000
4.620000 0.000000
4.630000 0.000000
4.640000 0.000000
4.650000 0.000000
4.660000 0.000000
4.670000 0.000000
4.680000 0.000000
4.690000 0.000000
4.700000 0.000000
4.710000 0.000000
4.720000 0.000000
4.730000 0.000000
4.740000 0.000000
4.750000 0.000000
4.760000 0.000000
4.770000 0.000000
4.780000 0.000000
4.790000 0.000000
4.800000 0.000000
4.810000 0.000000
4.820000 0.000000
4.830000 0.000000
4.840000 0.000000
4.850000 0.000000
4.860000 0.000000
4.870000 0.000000
4.880000 0.000000
4.890000 0.000000
4.900000 0.000000
4.910000 0.000000
4.920000 0.000000
4.930000 0.000000
4.940000 0.000000
4.950000 0.000000
4.960000 0.000000
4.970000 0.000000
4.980000 0.000000
4.990000 0.000000
5.000000 0.000000
5.010000 -0.000000
5.020000 -0.000000
5.030000 -0.000000
5.040000 -0.000000
5.050000 -0.000000
5.060000 -0.000000
5.070000 -0.000000
5.080000 -0.000000
5.090000 -0.000000
5.100000 -0.000000
5.110000 -0.000000
5.120000 -0.000000
5.130000 -0.000000
5.140000 -0.000000
5.150000 -0.000000
5.160000 -0.000000
5.170000 -0.000000
5.180000 -0.000000
5.190000 -0.000000
5.200000 -0.000000
5.210000 -0.000000
5.220000 -0.000000
5.230000 -0.000000
5.240000 -0.000000
5.250000 -0.000000
5.260000 -0.000000
5.270000 -0.000000
5.280000 -0.000000
5.290000 -0.000000
5.300000 -0.000000
5.310000 -0.000000
5.320000 -0.000000
5.330000 -0.000000
5.340000 -0.000000
5.350000 -0.000000
5.360000 -0.000000
5.370000 -0.000000
5.380000 -0.000000
5.390000 -0.000000
5.400000 -0.000000
5.410000 -0.000000
5.420000 -0.000000
5.430000 -0.000000
5.440000 -0.000000
5.450000 -0.000000
5.460000 -0.000000
5.470000 -0.000000
5.480000 -0.000000
5.490000 -0.000000
5.500000 -0.000000
5.510000 -0.000000
5.520000 -0.000000
5.530000 -0.000000
5.540000 -0.000000
5.550000 -0.000000
5.560000 -0.000000
5.570000 -0.000000
5.580000 -0.000000
5.590000 -0.000000
5.600000 -0.000000
5.610000 -0.000000
5.620000 -0.000000
5.630000 -0.000000
5.640000 -0.000000
5.650000 -0.000000
5.660000 -0.000000
5.670000 -0.000000
5.680000 -0.000000
5.690000 -0.000000
5.700000 -0.000000
5.710000 -0.000000
5.720000 -0.000000
5.730000 -0.000000
5.740000 -0.000000
5.750000 -0.000000
5.760000 -0.000000
5.770000 -0.000000
5.780000 -0.000000
5.790000 -0.000000
5.800000 -0.000000
5.810000 -0.000000
5.820000 -0.000000
5.830000 -0.000000
5.840000 -0.000000
5.850000 -0.000000
5.860000 -0.000000
5.870000 -0.000000
5.880000 -0.000000
5.890000 -0.000000
5.900000 -0.000000
5.910000 -0.000000
5.920000 -0.000000
5.930000 -0.000000
5.940000 -0.000000
5.950000 -0.000001
5.960000 -0.000001
5.970000 -0.000001
5.980000 -0.000001
5.990000 -0.000001
6.000000 -0.000002
6.010000 -0.000002
6.020000 -0.000003
6.030000 -0.000003
6.040000 -0.000004
6.050000 -0.000005
6.060000 -0.000006
6.070000 -0.000007
6.080000 -0.000009
6.090000 -0.000011
6.100000 -0.000013
6.110000 -0.000016
6.120000 -0.000019
6.130000 -0.000023
6.140000 -0.000027
6.150000 -0.000032
6.160000 -0.000039
6.170000 -0.000046
6.180000 -0.000055
6.190000 -0.000065
6.200000 -0.000077
6.210000 -0.000091
6.220000 -0.000107
6.230000 -0.000126
6.240000 -0.000147
6.250000 -0.000173
6.260000 -0.000202
6.270000 -0.000235
6.280000 -0.000274
6.290000 -0.000319
6.300000 -0.000370
6.310000 -0.000428
6.320000 -0.000495
6.330000 -0.000571
6.340000 -0.000657
6.350000 -0.000755
6.360000 -0.000867
6.370000 -0.000993
6.380000 -0.001135
6.390000 -0.001296
6.400000 -0.001477
6.410000 -0.001681
6.420000 -0.001910
6.430000 -0.002166
6.440000 -0.002452
6.450000 -0.002772
6.460000 -0.003129
6.470000 -0.003526
6.480000 -0.003967
6.490000 -0.004457
6.500000 -0.005000
6.510000 -0.005600
6.520000 -0.006263
6.530000 -0.006994
6.540000 -0.007799
6.550000 -0.008684
6.560000 -0.009655
6.570000 -0.010719
6.580000 -0.011885
6.590000 -0.013158
6.600000 -0.014547
6.610000 -0.016061
6.620000 -0.017708
6.630000 -0.019497
6.640000 -0.021438
6.650000 -0.023541
6.660000 -0.025815
6.670000 -0.028272
6.680000 -0.030922
6.690000 -0.033777
6.700000 -0.036847
6.710000 -0.040145
6.720000 -0.043682
6.730000 -0.047470
6.740000 -0.051522
6.750000 -0.055850
6.760000 -0.060466
6.770000 -0.065383
6.780000 -0.070613
6.790000 -0.076169
6.800000 -0.082062
6.810000 -0.088304
6.820000 -0.094907
6.830000 -0.101883
6.840000 -0.109242
6.850000 -0.116994
6.860000 -0.125150
6.870000 -0.133719
6.880000 -0.142708
6.890000 -0.152127
6.900000 -0.161981
6.910000 -0.172276
6.920000 -0.183019
6.930000 -0.194210
6.940000 -0.205855
6.950000 -0.217954
6.960000 -0.230507
6.970000 -0.243511
6.980000 -0.256967
6.990000 -0.270866
7.000000 -0.285206
7.010000 -0.299977
7.020000 -0.315169
7.030000 -0.330774
7.040000 -0.346777
7.050000 -0.363164
7.060000 -0.379917
7.070000 -0.397021
7.080000 -0.414453
7.090000 -0.432194
7.100000 -0.450218
7.110000 -0.468501
7.120000 -0.487015
7.130000 -0.505732
7.140000 -0.524621
7.150000 -0.543650
7.160000 -0.562786
7.170000 -0.581994
7.180000 -0.601237
7.190000 -0.620479
7.200000 -0.639679
7.210000 -0.658801
7.220000 -0.677801
7.230000 -0.696640
7.240000 -0.715275
7.250000 -0.733666
7.260000 -0.751768
7.270000 -0.769538
7.280000 -0.786936
7.290000 -0.803917
7.300000 -0.820441
7.310000 -0.836464
7.320000 -0.851948
7.330000 -0.866851
7.340000 -0.881135
7.350000 -0.894762
7.360000 -0.907695
7.370000 -0.919899
7.380000 -0.931342
7.390000 -0.941992
7.400000 -0.951819
7.410000 -0.960796
7.420000 -0.968898
7.430000 -0.976102
7.440000 -0.982387
7.450000 -0.987737
7.460000 -0.992135
7.470000 -0.995568
7.480000 -0.998028
7.490000 -0.999507
7.500000 -1.000000
7.510000 -0.999507
7.520000 -0.998028
7.530000 -0.995568
7.540000 -0.992135
7.550000 -0.987737
7.560000 -0.982387
7.570000 -0.976102
7.580000 -0.968898
7.590000 -0.960796
7.600000 -0.951819
7.610000 -0.941992
7.620000 -0.931342
7.630000 -0.919899
7.640000 -0.907695
7.650000 -0.894762
7.660000 -0.881135
7.670000 -0.866851
7.680000 -0.851948
7.690000 -0.836464
7.700000 -0.820441
7.710000 -0.803917
7.720000 -0.786936
7.730000 -0.769538
7.740000 -0.751768
7.750000 -0.733666
7.760000 -0.715275
7.770000 -0.696640
7.780000 -0.677801
7.790000 -0.658801
7.800000 -0.639679
7.810000 -0.620479
7.820000 -0.601237
7.830000 -0.581994
7.840000 -0.562786
7.850000 -0.543650
7.860000 -0.524621
7.870000 -0.505732
7.880000 -0.487015
7.890000 -0.468501
7.900000 -0.450218
7.910000 -0.432194
7.920000 -0.414453
7.930000 -0.397021
7.940000 -0.379917
7.950000 -0.363164
7.960000 -0.346777
7.970000 -0.330774
7.980000 -0.315169
7.990000 -0.299977
8.000000 -0.285206
8.010000 -0.270866
8.020000 -0.256966
8.030000 -0.243512
8.040000 -0.230507
8.050000 -0.217954
8.060000 -0.205855
8.070000 -0.194211
8.080000 -0.183019
8.090000 -0.172276
8.100000 -0.161981
8.110000 -0.152127
8.120000 -0.142708
8.130000 -0.133719
8.140000 -0.125150
8.150000 -0.116995
8.160000 -0.109242
8.170000 -0.101883
8.180000 -0.094907
8.190000 -0.088304
8.200000 -0.082062
8.210000 -0.076169
8.220000 -0.070613
8.230000 -0.065383
8.240000 -0.060466
8.250000 -0.055850
8.260000 -0.051522
8.270000 -0.047470
8.280000 -0.043682
8.290000 -0.040145
8.300000 -0.036847
8.310000 -0.033777
8.320000 -0.030923
8.330000 -0.028272
8.340000 -0.025815
8.350000 -0.023541
8.360000 -0.021438
8.370000 -0.019497
8.380000 -0.017708
8.390000 -0.016061
8.400000 -0.014547
8.410000 -0.013158
8.420000 -0.011885
8.430000 -0.010719
8.440000 -0.009655
8.450000 -0.008684
8.460000 -0.007799
8.470000 -0.006994
8.480000 -0.006263
8.490000 -0.005600
8.500000 -0.005000
8.510000 -0.004457
8.520000 -0.003967
8.530000 -0.003526
8.540000 -0.003129
8.550000 -0.002772
8.560000 -0.002452
8.570000 -0.002166
8.580000 -0.001910
8.590000 -0.001681
8.600000 -0.001477
8.610000 -0.001296
8.620000 -0.001135
8.630000 -0.000993
8.640000 -0.000867
8.650000 -0.000755
8.660000 -0.000657
8.670000 -0.000571
8.680000 -0.000495
8.690000 -0.000428
8.700000 -0.000370
8.710000 -0.000319
8.720000 -0.000274
8.730000 -0.000235
8.740000 -0.000202
8.750000 -0.000173
8.760000 -0.000147
8.770000 -0.000126
8.780000 -0.000107
8.790000 -0.000091
8.800000 -0.000077
8.810000 -0.000065
8.820000 -0.000055
8.830000 -0.000046
8.840000 -0.000039
8.850000 -0.000032
8.860000 -0.000027
8.870000 -0.000023
8.880000 -0.000019
8.890000 -0.000016
8.900000 -0.000013
8.910000 -0.000011
8.920000 -0.000009
8.930000 -0.000007
8.940000 -0.000006
8.950000 -0.000005
8.960000 -0.000004
8.970000 -0.000003
8.980000 -0.000003
8.990000 -0.000002
9.000000 -0.000002
9.010000 -0.000001
9.020000 -0.000001
9.030000 -0.000001
9.040000 -0.000001
9.050000 -0.000001
9.060000 -0.000000
9.070000 -0.000000
9.080000 -0.000000
9.090000 -0.000000
9.100000 -0.000000
9.110000 -0.000000
9.120000 -0.000000
9.130000 -0.000000
9.140000 -0.000000
9.150000 -0.000000
9.160000 -0.000000
9.170000 -0.000000
9.180000 -0.000000
9.190000 -0.000000
9.200000 -0.000000
9.210000 -0.000000
9.220000 -0.000000
9.230000 -0.000000
9.240000 -0.000000
9.250000 -0.000000
9.260000 -0.000000
9.270000 -0.000000
9.280000 -0.000000
9.290000 -0.000000
9.300000 -0.000000
9.310000 -0.000000
9.320000 -0.000000
9.330000 -0.000000
9.340000 -0.000000
9.350000 -0.000000
9.360000 -0.000000
9.370000 -0.000000
9.380000 -0.000000
9.390000 -0.000000
9.400000 -0.000000
9.410000 -0.000000
9.420000 -0.000000
9.430000 -0.000000
9.440000 -0.000000
9.450000 -0.000000
9.460000 -0.000000
9.470000 -0.000000
9.480000 -0.000000
9.490000 -0.000000
9.500000 -0.000000
9.510000 -0.000000
9.520000 -0.000000
9.530000 -0.000000
9.540000 -0.000000
9.550000 -0.000000
9.560000 -0.000000
9.570000 -0.000000
9.580000 -0.000000
9.590000 -0.000000
9.600000 -0.000000
9.610000 -0.000000
9.620000 -0.000000
9.630000 -0.000000
9.640000 -0.000000
9.650000 -0.000000
9.660000 -0.000000
9.670000 -0.000000
9.680000 -0.000000
9.690000 -0.000000
9.700000 -0.000000
9.710000 -0.000000
9.720000 -0.000000
9.730000 -0.000000
9.740000 -0.000000
9.750000 -0.000000
9.760000 -0.000000
9.770000 -0.000000
9.780000 -0.000000
9.790000 -0.000000
9.800000 -0.000000
9.810000 -0.000000
9.820000 -0.000000
9.830000 -0.000000
9.840000 -0.000000
9.850000 -0.000000
9.860000 -0.000000
9.870000 -0.000000
9.880000 -0.000000
9.890000 -0.000000
9.900000 -0.000000
9.910000 -0.000000
9.920000 -0.000000
9.930000 -0.000000
9.940000 -0.000000
9.950000 -0.000000
9.960000 -0.000000
9.970000 -0.000000
9.980000 -0.000000
9.990000 -0.000000
10.000000 -0.000000
