0.000000 0.000000
0.010000 0.000000
0.020000 0.000000
0.030000 0.000000
0.040000 0.000000
0.050000 0.000000
0.060000 0.000000
0.070000 0.000000
0.080000 0.000000
0.090000 0.000000
0.100000 0.000000
0.110000 0.000000
0.120000 0.000000
0.130000 0.000000
0.140000 0.000000
0.150000 0.000000
0.160000 0.000000
0.170000 0.000000
0.180000 0.000000
0.190000 0.000000
0.200000 0.000000
0.210000 0.000000
0.220000 0.000000
0.230000 0.000000
0.240000 0.000000
0.250000 0.000000
0.260000 0.000000
0.270000 0.000000
0.280000 0.000000
0.290000 0.000000
0.300000 0.000000
0.310000 0.000000
0.320000 0.000000
0.330000 0.000000
0.340000 0.000000
0.350000 0.000000
0.360000 0.000000
0.370000 0.000000
0.380000 0.000000
0.390000 0.000000
0.400000 0.000000
0.410000 0.000000
0.420000 0.000000
0.430000 0.000000
0.440000 0.000000
0.450000 0.000000
0.460000 0.000000
0.470000 0.000000
0.480000 0.000000
0.490000 0.000000
0.500000 0.000000
0.510000 0.000000
0.520000 0.000000
0.530000 0.000000
0.540000 0.000000
0.550000 0.000000
0.560000 0.000000
0.570000 0.000000
0.580000 0.000000
0.590000 0.000000
0.600000 0.000000
0.610000 0.000000
0.620000 0.000000
0.630000 0.000000
0.640000 0.000000
0.650000 0.000000
0.660000 0.000000
0.670000 0.000000
0.680000 0.000000
0.690000 0.000000
0.700000 0.000000
0.710000 0.000000
0.720000 0.000000
0.730000 0.000000
0.740000 0.000000
0.750000 0.000000
0.760000 0.000000
0.770000 0.000000
0.780000 0.000000
0.790000 0.000000
0.800000 0.000000
0.810000 0.000000
0.820000 0.000000
0.830000 0.000000
0.840000 0.000000
0.850000 0.000000
0.860000 0.000000
0.870000 0.000000
0.880000 0.000000
0.890000 0.000000
0.900000 0.000000
0.910000 0.000000
0.920000 0.000000
0.930000 0.000000
0.940000 0.000000
0.950000 0.000000
0.960000 0.000000
0.970000 0.000000
0.980000 0.000000
0.990000 0.000000
1.000000 0.000000
1.010000 0.000000
1.020000 0.000000
1.030000 0.000000
1.040000 0.000000
1.050000 0.000000
1.060000 0.000000
1.070000 0.000000
1.080000 0.000000
1.090000 0.000000
1.100000 0.000000
1.110000 0.000000
1.120000 0.000000
1.130000 0.000000
1.140000 0.000000
1.150000 0.000000
1.160000 0.000000
1.170000 0.000000
1.180000 0.000000
1.190000 0.000001
1.200000 0.000001
1.210000 0.000001
1.220000 0.000001
1.230000 0.000002
1.240000 0.000002
1.250000 0.000003
1.260000 0.000003
1.270000 0.000004
1.280000 0.000005
1.290000 0.000007
1.300000 0.000008
1.310000 0.000010
1.320000 0.000013
1.330000 0.000016
1.340000 0.000020
1.350000 0.000024
1.360000 0.000029
1.370000 0.000036
1.380000 0.000044
1.390000 0.000053
1.400000 0.000065
1.410000 0.000078
1.420000 0.000095
1.430000 0.000114
1.440000 0.000137
1.450000 0.000164
1.460000 0.000196
1.470000 0.000234
1.480000 0.000279
1.490000 0.000332
1.500000 0.000393
1.510000 0.000465
1.520000 0.000549
1.530000 0.000646
1.540000 0.000759
1.550000 0.000890
1.560000 0.001041
1.570000 0.001215
1.580000 0.001416
1.590000 0.001646
1.600000 0.001909
1.610000 0.002211
1.620000 0.002554
1.630000 0.002946
1.640000 0.003390
1.650000 0.003893
1.660000 0.004463
1.670000 0.005105
1.680000 0.005829
1.690000 0.006643
1.700000 0.007556
1.710000 0.008578
1.720000 0.009719
1.730000 0.010993
1.740000 0.012409
1.750000 0.013983
1.760000 0.015727
1.770000 0.017656
1.780000 0.019786
1.790000 0.022132
1.800000 0.024713
1.810000 0.027545
1.820000 0.030648
1.830000 0.034040
1.840000 0.037741
1.850000 0.041772
1.860000 0.046153
1.870000 0.050905
1.880000 0.056051
1.890000 0.061612
1.900000 0.067609
1.910000 0.074065
1.920000 0.081001
1.930000 0.088439
1.940000 0.096399
1.950000 0.104901
1.960000 0.113965
1.970000 0.123609
1.980000 0.133850
1.990000 0.144703
2.000000 0.156183
2.010000 0.168302
2.020000 0.181070
2.030000 0.194494
2.040000 0.208580
2.050000 0.223332
2.060000 0.238748
2.070000 0.254826
2.080000 0.271559
2.090000 0.288938
2.100000 0.306949
2.110000 0.325575
2.120000 0.344796
2.130000 0.364588
2.140000 0.384921
2.150000 0.405764
2.160000 0.427079
2.170000 0.448827
2.180000 0.470964
2.190000 0.493442
2.200000 0.516208
2.210000 0.539208
2.220000 0.562382
2.230000 0.585670
2.240000 0.609005
2.250000 0.632321
2.260000 0.655546
2.270000 0.678611
2.280000 0.701439
2.290000 0.723957
2.300000 0.746087
2.310000 0.767754
2.320000 0.788881
2.330000 0.809390
2.340000 0.829207
2.350000 0.848256
2.360000 0.866465
2.370000 0.883762
2.380000 0.900081
2.390000 0.915356
2.400000 0.929524
2.410000 0.942528
2.420000 0.954314
2.430000 0.964835
2.440000 0.974044
2.450000 0.981904
2.460000 0.988381
2.470000 0.993448
2.480000 0.997083
2.490000 0.999270
2.500000 1.000000
2.510000 0.999270
2.520000 0.997083
2.530000 0.993448
2.540000 0.988381
2.550000 0.981904
2.560000 0.974044
2.570000 0.964835
2.580000 0.954314
2.590000 0.942528
2.600000 0.929524
2.610000 0.915356
2.620000 0.900081
2.630000 0.883762
2.640000 0.866465
2.650000 0.848256
2.660000 0.829207
2.670000 0.809390
2.680000 0.788881
2.690000 0.767754
2.700000 0.746087
2.710000 0.723957
2.720000 0.701439
2.730000 0.678611
2.740000 0.655546
2.750000 0.632321
2.760000 0.609005
2.770000 0.585670
2.780000 0.562382
2.790000 0.539208
2.800000 0.516208
2.810000 0.493442
2.820000 0.470964
2.830000 0.448827
2.840000 0.427079
2.850000 0.405764
2.860000 0.384921
2.870000 0.364588
2.880000 0.344796
2.890000 0.325575
2.900000 0.306949
2.910000 0.288938
2.920000 0.271559
2.930000 0.254826
2.940000 0.238748
2.950000 0.223332
2.960000 0.208580
2.970000 0.194494
2.980000 0.181070
2.990000 0.168302
3.000000 0.156183
3.010000 0.144703
3.020000 0.133850
3.030000 0.123609
3.040000 0.113965
3.050000 0.104901
3.060000 0.096399
3.070000 0.088439
3.080000 0.081001
3.090000 0.074065
3.100000 0.067609
3.110000 0.061612
3.120000 0.056051
3.130000 0.050905
3.140000 0.046153
3.150000 0.041772
3.160000 0.037741
3.170000 0.034040
3.180000 0.030648
3.190000 0.027545
3.200000 0.024713
3.210000 0.022132
3.220000 0.019786
3.230000 0.017656
3.240000 0.015727
3.250000 0.013983
3.260000 0.012409
3.270000 0.010993
3.280000 0.009719
3.290000 0.008578
3.300000 0.007556
3.310000 0.006643
3.320000 0.005829
3.330000 0.005105
3.340000 0.004463
3.350000 0.003893
3.360000 0.003390
3.370000 0.002946
3.380000 0.002554
3.390000 0.002211
3.400000 0.001909
3.410000 0.001646
3.420000 0.001416
3.430000 0.001215
3.440000 0.001041
3.450000 0.000890
3.460000 0.000759
3.470000 0.000646
3.480000 0.000549
3.490000 0.000465
3.500000 0.000393
3.510000 0.000332
3.520000 0.000279
3.530000 0.000234
3.540000 0.000196
3.550000 0.000164
3.560000 0.000137
3.570000 0.000114
3.580000 0.000095
3.590000 0.000078
3.600000 0.000065
3.610000 0.000053
3.620000 0.000044
3.630000 0.000036
3.640000 0.000029
3.650000 0.000024
3.660000 0.000020
3.670000 0.000016
3.680000 0.000013
3.690000 0.000010
3.700000 0.000008
3.710000 0.000007
3.720000 0.000005
3.730000 0.000004
3.740000 0.000003
3.750000 0.000003
3.760000 0.000002
3.770000 0.000002
3.780000 0.000001
3.790000 0.000001
3.800000 0.000001
3.810000 0.000001
3.820000 0.000000
3.830000 0.000000
3.840000 0.000000
3.850000 0.000000
3.860000 0.000000
3.870000 0.000000
3.880000 0.000000
3.890000 0.000000
3.900000 0.000000
3.910000 0.000000
3.920000 0.000000
3.930000 0.000000
3.940000 0.000000
3.950000 0.000000
3.960000 0.000000
3.970000 0.000000
3.980000 0.000000
3.990000 0.000000
4.000000 0.000000
4.010000 0.000000
4.020000 0.000000
4.030000 0.000000
4.040000 0.000000
4.050000 0.000000
4.060000 0.000000
4.070000 0.000000
4.080000 0.000000
4.090000 0.000000
4.100000 0.000000
4.110000 0.000000
4.120000 0.000000
4.130000 0.000000
4.140000 0.000000
4.150000 0.000000
4.160000 0.000000
4.170000 0.000000
4.180000 0.000000
4.190000 0.000000
4.200000 0.000000
4.210000 0.000000
4.220000 0.000000
4.230000 0.000000
4.240000 0.000000
4.250000 0.000000
4.260000 0.000000
4.270000 0.000000
4.280000 0.000000
4.290000 0.000000
4.300000 0.000000
4.310000 0.000000
4.320000 0.000000
4.330000 0.000000
4.340000 0.000000
4.350000 0.000000
4.360000 0.000000
4.370000 0.000000
4.380000 0.000000
4.390000 0.000000
4.400000 0.000000
4.410000 0.000000
4.420000 0.000000
4.430000 0.000000
4.440000 0.000000
4.450000 0.000000
4.460000 0.000000
4.470000 0.000000
4.480000 0.000000
4.490000 0.000000
4.500000 0.000000
4.510000 0.000000
4.520000 0.000000
4.530000 0.000000
4.540000 0.000000
4.550000 0.000000
4.560000 0.000000
4.570000 0.000000
4.580000 0.000000
4.590000 0.000000
4.600000 0.000000
4.610000 0.000000
4.620000 0.000000
4.630000 0.000000
4.640000 0.000000
4.650000 0.000000
4.660000 0.000000
4.670000 0.000000
4.680000 0.000000
4.690000 0.000000
4.700000 0.000000
4.710000 0.000000
4.720000 0.000000
4.730000 0.000000
4.740000 0.000000
4.750000 0.000000
4.760000 0.000000
4.770000 0.000000
4.780000 0.000000
4.790000 0.000000
4.800000 0.000000
4.810000 0.000000
4.820000 0.000000
4.830000 0.000000
4.840000 0.000000
4.850000 0.000000
4.860000 0.000000
4.870000 0.000000
4.880000 0.000000
4.890000 0.000000
4.900000 0.000000
4.910000 0.000000
4.920000 0.000000
4.930000 0.000000
4.940000 0.000000
4.950000 0.000000
4.960000 0.000000
4.970000 0.000000
4.980000 0.000000
4.990000 0.000000
5.000000 0.000000
5.010000 -0.000000
5.020000 -0.000000
5.030000 -0.000000
5.040000 -0.000000
5.050000 -0.000000
5.060000 -0.000000
5.070000 -0.000000
5.080000 -0.000000
5.090000 -0.000000
5.100000 -0.000000
5.110000 -0.000000
5.120000 -0.000000
5.130000 -0.000000
5.140000 -0.000000
5.150000 -0.000000
5.160000 -0.000000
5.170000 -0.000000
5.180000 -0.000000
5.190000 -0.000000
5.200000 -0.000000
5.210000 -0.000000
5.220000 -0.000000
5.230000 -0.000000
5.240000 -0.000000
5.250000 -0.000000
5.260000 -0.000000
5.270000 -0.000000
5.280000 -0.000000
5.290000 -0.000000
5.300000 -0.000000
5.310000 -0.000000
5.320000 -0.000000
5.330000 -0.000000
5.340000 -0.000000
5.350000 -0.000000
5.360000 -0.000000
5.370000 -0.000000
5.380000 -0.000000
5.390000 -0.000000
5.400000 -0.000000
5.410000 -0.000000
5.420000 -0.000000
5.430000 -0.000000
5.440000 -0.000000
5.450000 -0.000000
5.460000 -0.000000
5.470000 -0.000000
5.480000 -0.000000
5.490000 -0.000000
5.500000 -0.000000
5.510000 -0.000000
5.520000 -0.000000
5.530000 -0.000000
5.540000 -0.000000
5.550000 -0.000000
5.560000 -0.000000
5.570000 -0.000000
5.580000 -0.000000
5.590000 -0.000000
5.600000 -0.000000
5.610000 -0.000000
5.620000 -0.000000
5.630000 -0.000000
5.640000 -0.000000
5.650000 -0.000000
5.660000 -0.000000
5.670000 -0.000000
5.680000 -0.000000
5.690000 -0.000000
5.700000 -0.000000
5.710000 -0.000000
5.720000 -0.000000
5.730000 -0.000000
5.740000 -0.000000
5.750000 -0.000000
5.760000 -0.000000
5.770000 -0.000000
5.780000 -0.000000
5.790000 -0.000000
5.800000 -0.000000
5.810000 -0.000000
5.820000 -0.000000
5.830000 -0.000000
5.840000 -0.000000
5.850000 -0.000000
5.860000 -0.000000
5.870000 -0.000000
5.880000 -0.000000
5.890000 -0.000000
5.900000 -0.000000
5.910000 -0.000000
5.920000 -0.000000
5.930000 -0.000000
5.940000 -0.000000
5.950000 -0.000000
5.960000 -0.000000
5.970000 -0.000000
5.980000 -0.000000
5.990000 -0.000000
6.000000 -0.000000
6.010000 -0.000000
6.020000 -0.000000
6.030000 -0.000000
6.040000 -0.000000
6.050000 -0.000000
6.060000 -0.000000
6.070000 -0.000000
6.080000 -0.000000
6.090000 -0.000000
6.100000 -0.000000
6.110000 -0.000000
6.120000 -0.000000
6.130000 -0.000000
6.140000 -0.000000
6.150000 -0.000000
6.160000 -0.000000
6.170000 -0.000000
6.180000 -0.000000
6.190000 -0.000001
6.200000 -0.000001
6.210000 -0.000001
6.220000 -0.000001
6.230000 -0.000002
6.240000 -0.000002
6.250000 -0.000003
6.260000 -0.000003
6.270000 -0.000004
6.280000 -0.000005
6.290000 -0.000007
6.300000 -0.000008
6.310000 -0.000010
6.320000 -0.000013
6.330000 -0.000016
6.340000 -0.000020
6.350000 -0.000024
6.360000 -0.000029
6.370000 -0.000036
6.380000 -0.000044
6.390000 -0.000053
6.400000 -0.000065
6.410000 -0.000078
6.420000 -0.000095
6.430000 -0.000114
6.440000 -0.000137
6.450000 -0.000164
6.460000 -0.000196
6.470000 -0.000234
6.480000 -0.000279
6.490000 -0.000332
6.500000 -0.000393
6.510000 -0.000465
6.520000 -0.000549
6.530000 -0.000646
6.540000 -0.000759
6.550000 -0.000890
6.560000 -0.001041
6.570000 -0.001215
6.580000 -0.001416
6.590000 -0.001646
6.600000 -0.001909
6.610000 -0.002211
6.620000 -0.002554
6.630000 -0.002946
6.640000 -0.003390
6.650000 -0.003893
6.660000 -0.004463
6.670000 -0.005105
6.680000 -0.005829
6.690000 -0.006643
6.700000 -0.007556
6.710000 -0.008578
6.720000 -0.009719
6.730000 -0.010993
6.740000 -0.012409
6.750000 -0.013983
6.760000 -0.015727
6.770000 -0.017656
6.780000 -0.019786
6.790000 -0.022132
6.800000 -0.024713
6.810000 -0.027545
6.820000 -0.030648
6.830000 -0.034040
6.840000 -0.037741
6.850000 -0.041772
6.860000 -0.046153
6.870000 -0.050905
6.880000 -0.056051
6.890000 -0.061612
6.900000 -0.067609
6.910000 -0.074065
6.920000 -0.081001
6.930000 -0.088439
6.940000 -0.096399
6.950000 -0.104901
6.960000 -0.113965
6.970000 -0.123609
6.980000 -0.133850
6.990000 -0.144703
7.000000 -0.156183
7.010000 -0.168302
7.020000 -0.181070
7.030000 -0.194494
7.040000 -0.208580
7.050000 -0.223332
7.060000 -0.238748
7.070000 -0.254826
7.080000 -0.271559
7.090000 -0.288938
7.100000 -0.306949
7.110000 -0.325575
7.120000 -0.344796
7.130000 -0.364588
7.140000 -0.384920
7.150000 -0.405764
7.160000 -0.427079
7.170000 -0.448827
7.180000 -0.470964
7.190000 -0.493442
7.200000 -0.516208
7.210000 -0.539208
7.220000 -0.562382
7.230000 -0.585670
7.240000 -0.609004
7.250000 -0.632321
7.260000 -0.655547
7.270000 -0.678611
7.280000 -0.701440
7.290000 -0.723957
7.300000 -0.746088
7.310000 -0.767754
7.320000 -0.788881
7.330000 -0.809390
7.340000 -0.829207
7.350000 -0.848256
7.360000 -0.866465
7.370000 -0.883762
7.380000 -0.900081
7.390000 -0.915355
7.400000 -0.929524
7.410000 -0.942528
7.420000 -0.954314
7.430000 -0.964834
7.440000 -0.974044
7.450000 -0.981904
7.460000 -0.988381
7.470000 -0.993448
7.480000 -0.997083
7.490000 -0.999270
7.500000 -1.000000
7.510000 -0.999270
7.520000 -0.997083
7.530000 -0.993448
7.540000 -0.988381
7.550000 -0.981904
7.560000 -0.974044
7.570000 -0.964834
7.580000 -0.954314
7.590000 -0.942528
7.600000 -0.929524
7.610000 -0.915355
7.620000 -0.900081
7.630000 -0.883762
7.640000 -0.866465
7.650000 -0.848256
7.660000 -0.829207
7.670000 -0.809390
7.680000 -0.788881
7.690000 -0.767754
7.700000 -0.746088
7.710000 -0.723957
7.720000 -0.701440
7.730000 -0.678611
7.740000 -0.655547
7.750000 -0.632321
7.760000 -0.609004
7.770000 -0.585670
7.780000 -0.562382
7.790000 -0.539208
7.800000 -0.516208
7.810000 -0.493442
7.820000 -0.470964
7.830000 -0.448827
7.840000 -0.427079
7.850000 -0.405764
7.860000 -0.384920
7.870000 -0.364588
7.880000 -0.344796
7.890000 -0.325575
7.900000 -0.306949
7.910000 -0.288938
7.920000 -0.271559
7.930000 -0.254826
7.940000 -0.238748
7.950000 -0.223332
7.960000 -0.208580
7.970000 -0.194494
7.980000 -0.181070
7.990000 -0.168302
8.000000 -0.156183
8.010000 -0.144703
8.020000 -0.133849
8.030000 -0.123609
8.040000 -0.113965
8.050000 -0.104901
8.060000 -0.096399
8.070000 -0.088439
8.080000 -0.081001
8.090000 -0.074065
8.100000 -0.067609
8.110000 -0.061612
8.120000 -0.056051
8.130000 -0.050905
8.140000 -0.046153
8.150000 -0.041772
8.160000 -0.037741
8.170000 -0.034040
8.180000 -0.030648
8.190000 -0.027546
8.200000 -0.024713
8.210000 -0.022132
8.220000 -0.019786
8.230000 -0.017656
8.240000 -0.015727
8.250000 -0.013983
8.260000 -0.012409
8.270000 -0.010993
8.280000 -0.009720
8.290000 -0.008578
8.300000 -0.007556
8.310000 -0.006643
8.320000 -0.005829
8.330000 -0.005105
8.340000 -0.004463
8.350000 -0.003893
8.360000 -0.003390
8.370000 -0.002946
8.380000 -0.002554
8.390000 -0.002211
8.400000 -0.001909
8.410000 -0.001646
8.420000 -0.001416
8.430000 -0.001215
8.440000 -0.001041
8.450000 -0.000890
8.460000 -0.000759
8.470000 -0.000646
8.480000 -0.000549
8.490000 -0.000465
8.500000 -0.000393
8.510000 -0.000332
8.520000 -0.000279
8.530000 -0.000234
8.540000 -0.000196
8.550000 -0.000164
8.560000 -0.000137
8.570000 -0.000114
8.580000 -0.000095
8.590000 -0.000078
8.600000 -0.000065
8.610000 -0.000053
8.620000 -0.000044
8.630000 -0.000036
8.640000 -0.000029
8.650000 -0.000024
8.660000 -0.000020
8.670000 -0.000016
8.680000 -0.000013
8.690000 -0.000010
8.700000 -0.000008
8.710000 -0.000007
8.720000 -0.000005
8.730000 -0.000004
8.740000 -0.000003
8.750000 -0.000003
8.760000 -0.000002
8.770000 -0.000002
8.780000 -0.000001
8.790000 -0.000001
8.800000 -0.000001
8.810000 -0.000001
8.820000 -0.000000
8.830000 -0.000000
8.840000 -0.000000
8.850000 -0.000000
8.860000 -0.000000
8.870000 -0.000000
8.880000 -0.000000
8.890000 -0.000000
8.900000 -0.000000
8.910000 -0.000000
8.920000 -0.000000
8.930000 -0.000000
8.940000 -0.000000
8.950000 -0.000000
8.960000 -0.000000
8.970000 -0.000000
8.980000 -0.000000
8.990000 -0.000000
9.000000 -0.000000
9.010000 -0.000000
9.020000 -0.000000
9.030000 -0.000000
9.040000 -0.000000
9.050000 -0.000000
9.060000 -0.000000
9.070000 -0.000000
9.080000 -0.000000
9.090000 -0.000000
9.100000 -0.000000
9.110000 -0.000000
9.120000 -0.000000
9.130000 -0.000000
9.140000 -0.000000
9.150000 -0.000000
9.160000 -0.000000
9.170000 -0.000000
9.180000 -0.000000
9.190000 -0.000000
9.200000 -0.000000
9.210000 -0.000000
9.220000 -0.000000
9.230000 -0.000000
9.240000 -0.000000
9.250000 -0.000000
9.260000 -0.000000
9.270000 -0.000000
9.280000 -0.000000
9.290000 -0.000000
9.300000 -0.000000
9.310000 -0.000000
9.320000 -0.000000
9.330000 -0.000000
9.340000 -0.000000
9.350000 -0.000000
9.360000 -0.000000
9.370000 -0.000000
9.380000 -0.000000
9.390000 -0.000000
9.400000 -0.000000
9.410000 -0.000000
9.420000 -0.000000
9.430000 -0.000000
9.440000 -0.000000
9.450000 -0.000000
9.460000 -0.000000
9.470000 -0.000000
9.480000 -0.000000
9.490000 -0.000000
9.500000 -0.000000
9.510000 -0.000000
9.520000 -0.000000
9.530000 -0.000000
9.540000 -0.000000
9.550000 -0.000000
9.560000 -0.000000
9.570000 -0.000000
9.580000 -0.000000
9.590000 -0.000000
9.600000 -0.000000
9.610000 -0.000000
9.620000 -0.000000
9.630000 -0.000000
9.640000 -0.000000
9.650000 -0.000000
9.660000 -0.000000
9.670000 -0.000000
9.680000 -0.000000
9.690000 -0.000000
9.700000 -0.000000
9.710000 -0.000000
9.720000 -0.000000
9.730000 -0.000000
9.740000 -0.000000
9.750000 -0.000000
9.760000 -0.000000
9.770000 -0.000000
9.780000 -0.000000
9.790000 -0.000000
9.800000 -0.000000
9.810000 -0.000000
9.820000 -0.000000
9.830000 -0.000000
9.840000 -0.000000
9.850000 -0.000000
9.860000 -0.000000
9.870000 -0.000000
9.880000 -0.000000
9.890000 -0.000000
9.900000 -0.000000
9.910000 -0.000000
9.920000 -0.000000
9.930000 -0.000000
9.940000 -0.000000
9.950000 -0.000000
9.960000 -0.000000
9.970000 -0.000000
9.980000 -0.000000
9.990000 -0.000000
10.000000 -0.000000
