0.000000 0.000000
0.010000 0.000000
0.020000 0.000000
0.030000 0.000000
0.040000 0.000000
0.050000 0.000000
0.060000 0.000000
0.070000 0.000000
0.080000 0.000000
0.090000 0.000000
0.100000 0.000000
0.110000 0.000000
0.120000 0.000000
0.130000 0.000000
0.140000 0.000000
0.150000 0.000000
0.160000 0.000000
0.170000 0.000000
0.180000 0.000000
0.190000 0.000000
0.200000 0.000000
0.210000 0.000000
0.220000 0.000000
0.230000 0.000000
0.240000 0.000000
0.250000 0.000000
0.260000 0.000000
0.270000 0.000000
0.280000 0.000000
0.290000 0.000000
0.300000 0.000000
0.310000 0.000000
0.320000 0.000000
0.330000 0.000000
0.340000 0.000000
0.350000 0.000000
0.360000 0.000000
0.370000 0.000000
0.380000 0.000000
0.390000 0.000000
0.400000 0.000000
0.410000 0.000000
0.420000 0.000000
0.430000 0.000000
0.440000 0.000000
0.450000 0.000000
0.460000 0.000000
0.470000 0.000000
0.480000 0.000000
0.490000 0.000000
0.500000 0.000000
0.510000 0.000000
0.520000 0.000000
0.530000 0.000000
0.540000 0.000000
0.550000 0.000000
0.560000 0.000000
0.570000 0.000000
0.580000 0.000000
0.590000 0.000000
0.600000 0.000000
0.610000 0.000000
0.620000 0.000000
0.630000 0.000000
0.640000 0.000000
0.650000 0.000000
0.660000 0.000000
0.670000 0.000000
0.680000 0.000000
0.690000 0.000000
0.700000 0.000000
0.710000 0.000000
0.720000 0.000000
0.730000 0.000000
0.740000 0.000000
0.750000 0.000000
0.760000 0.000000
0.770000 0.000000
0.780000 0.000000
0.790000 0.000000
0.800000 0.000000
0.810000 0.000000
0.820000 0.000000
0.830000 0.000000
0.840000 0.000000
0.850000 0.000000
0.860000 0.000000
0.870000 0.000000
0.880000 0.000000
0.890000 0.000000
0.900000 0.000000
0.910000 0.000000
0.920000 0.000000
0.930000 0.000000
0.940000 0.000000
0.950000 0.000000
0.960000 0.000000
0.970000 0.000000
0.980000 0.000000
0.990000 0.000000
1.000000 0.000000
1.010000 0.000000
1.020000 0.000000
1.030000 0.000000
1.040000 0.000000
1.050000 0.000000
1.060000 0.000000
1.070000 0.000000
1.080000 0.000000
1.090000 0.000000
1.100000 0.000000
1.110000 0.000000
1.120000 0.000000
1.130000 0.000000
1.140000 0.000000
1.150000 0.000000
1.160000 0.000000
1.170000 0.000000
1.180000 0.000000
1.190000 0.000000
1.200000 0.000000
1.210000 0.000000
1.220000 0.000000
1.230000 0.000000
1.240000 0.000000
1.250000 0.000000
1.260000 0.000000
1.270000 0.000000
1.280000 0.000000
1.290000 0.000000
1.300000 0.000000
1.310000 0.000000
1.320000 0.000000
1.330000 0.000000
1.340000 0.000000
1.350000 0.000000
1.360000 0.000000
1.370000 0.000001
1.380000 0.000001
1.390000 0.000001
1.400000 0.000001
1.410000 0.000002
1.420000 0.000002
1.430000 0.000003
1.440000 0.000004
1.450000 0.000005
1.460000 0.000006
1.470000 0.000008
1.480000 0.000010
1.490000 0.000013
1.500000 0.000016
1.510000 0.000021
1.520000 0.000026
1.530000 0.000033
1.540000 0.000041
1.550000 0.000052
1.560000 0.000064
1.570000 0.000080
1.580000 0.000099
1.590000 0.000122
1.600000 0.000151
1.610000 0.000185
1.620000 0.000227
1.630000 0.000277
1.640000 0.000338
1.650000 0.000411
1.660000 0.000497
1.670000 0.000601
1.680000 0.000724
1.690000 0.000870
1.700000 0.001043
1.710000 0.001246
1.720000 0.001485
1.730000 0.001766
1.740000 0.002094
1.750000 0.002476
1.760000 0.002921
1.770000 0.003437
1.780000 0.004033
1.790000 0.004722
1.800000 0.005513
1.810000 0.006422
1.820000 0.007461
1.830000 0.008647
1.840000 0.009997
1.850000 0.011529
1.860000 0.013263
1.870000 0.015222
1.880000 0.017428
1.890000 0.019906
1.900000 0.022682
1.910000 0.025784
1.920000 0.029241
1.930000 0.033083
1.940000 0.037343
1.950000 0.042053
1.960000 0.047248
1.970000 0.052962
1.980000 0.059230
1.990000 0.066089
2.000000 0.073575
2.010000 0.081722
2.020000 0.090567
2.030000 0.100144
2.040000 0.110485
2.050000 0.121622
2.060000 0.133584
2.070000 0.146397
2.080000 0.160085
2.090000 0.174667
2.100000 0.190160
2.110000 0.206575
2.120000 0.223917
2.130000 0.242189
2.140000 0.261384
2.150000 0.281491
2.160000 0.302492
2.170000 0.324362
2.180000 0.347069
2.190000 0.370572
2.200000 0.394823
2.210000 0.419767
2.220000 0.445342
2.230000 0.471474
2.240000 0.498087
2.250000 0.525093
2.260000 0.552400
2.270000 0.579907
2.280000 0.607510
2.290000 0.635096
2.300000 0.662549
2.310000 0.689749
2.320000 0.716571
2.330000 0.742890
2.340000 0.768579
2.350000 0.793508
2.360000 0.817551
2.370000 0.840581
2.380000 0.862477
2.390000 0.883117
2.400000 0.902387
2.410000 0.920180
2.420000 0.936393
2.430000 0.950933
2.440000 0.963714
2.450000 0.974661
2.460000 0.983709
2.470000 0.990804
2.480000 0.995903
2.490000 0.998974
2.500000 1.000000
2.510000 0.998974
2.520000 0.995903
2.530000 0.990804
2.540000 0.983709
2.550000 0.974661
2.560000 0.963714
2.570000 0.950933
2.580000 0.936393
2.590000 0.920180
2.600000 0.902387
2.610000 0.883117
2.620000 0.862477
2.630000 0.840581
2.640000 0.817551
2.650000 0.793508
2.660000 0.768579
2.670000 0.742890
2.680000 0.716571
2.690000 0.689749
2.700000 0.662549
2.710000 0.635096
2.720000 0.607510
2.730000 0.579907
2.740000 0.552400
2.750000 0.525093
2.760000 0.498087
2.770000 0.471474
2.780000 0.445342
2.790000 0.419767
2.800000 0.394823
2.810000 0.370572
2.820000 0.347069
2.830000 0.324362
2.840000 0.302492
2.850000 0.281491
2.860000 0.261384
2.870000 0.242189
2.880000 0.223917
2.890000 0.206575
2.900000 0.190160
2.910000 0.174667
2.920000 0.160085
2.930000 0.146397
2.940000 0.133584
2.950000 0.121622
2.960000 0.110485
2.970000 0.100144
2.980000 0.090567
2.990000 0.081722
3.000000 0.073575
3.010000 0.066089
3.020000 0.059230
3.030000 0.052962
3.040000 0.047248
3.050000 0.042053
3.060000 0.037343
3.070000 0.033083
3.080000 0.029241
3.090000 0.025784
3.100000 0.022682
3.110000 0.019906
3.120000 0.017428
3.130000 0.015222
3.140000 0.013263
3.150000 0.011529
3.160000 0.009997
3.170000 0.008647
3.180000 0.007461
3.190000 0.006422
3.200000 0.005513
3.210000 0.004722
3.220000 0.004033
3.230000 0.003437
3.240000 0.002921
3.250000 0.002476
3.260000 0.002094
3.270000 0.001766
3.280000 0.001485
3.290000 0.001246
3.300000 0.001043
3.310000 0.000870
3.320000 0.000724
3.330000 0.000601
3.340000 0.000497
3.350000 0.000411
3.360000 0.000338
3.370000 0.000277
3.380000 0.000227
3.390000 0.000185
3.400000 0.000151
3.410000 0.000122
3.420000 0.000099
3.430000 0.000080
3.440000 0.000064
3.450000 0.000052
3.460000 0.000041
3.470000 0.000033
3.480000 0.000026
3.490000 0.000021
3.500000 0.000016
3.510000 0.000013
3.520000 0.000010
3.530000 0.000008
3.540000 0.000006
3.550000 0.000005
3.560000 0.000004
3.570000 0.000003
3.580000 0.000002
3.590000 0.000002
3.600000 0.000001
3.610000 0.000001
3.620000 0.000001
3.630000 0.000001
3.640000 0.000000
3.650000 0.000000
3.660000 0.000000
3.670000 0.000000
3.680000 0.000000
3.690000 0.000000
3.700000 0.000000
3.710000 0.000000
3.720000 0.000000
3.730000 0.000000
3.740000 0.000000
3.750000 0.000000
3.760000 0.000000
3.770000 0.000000
3.780000 0.000000
3.790000 0.000000
3.800000 0.000000
3.810000 0.000000
3.820000 0.000000
3.830000 0.000000
3.840000 0.000000
3.850000 0.000000
3.860000 0.000000
3.870000 0.000000
3.880000 0.000000
3.890000 0.000000
3.900000 0.000000
3.910000 0.000000
3.920000 0.000000
3.930000 0.000000
3.940000 0.000000
3.950000 0.000000
3.960000 0.000000
3.970000 0.000000
3.980000 0.000000
3.990000 0.000000
4.000000 0.000000
4.010000 0.000000
4.020000 0.000000
4.030000 0.000000
4.040000 0.000000
4.050000 0.000000
4.060000 0.000000
4.070000 0.000000
4.080000 0.000000
4.090000 0.000000
4.100000 0.000000
4.110000 0.000000
4.120000 0.000000
4.130000 0.000000
4.140000 0.000000
4.150000 0.000000
4.160000 0.000000
4.170000 0.000000
4.180000 0.000000
4.190000 0.000000
4.200000 0.000000
4.210000 0.000000
4.220000 0.000000
4.230000 0.000000
4.240000 0.000000
4.250000 0.000000
4.260000 0.000000
4.270000 0.000000
4.280000 0.000000
4.290000 0.000000
4.300000 0.000000
4.310000 0.000000
4.320000 0.000000
4.330000 0.000000
4.340000 0.000000
4.350000 0.000000
4.360000 0.000000
4.370000 0.000000
4.380000 0.000000
4.390000 0.000000
4.400000 0.000000
4.410000 0.000000
4.420000 0.000000
4.430000 0.000000
4.440000 0.000000
4.450000 0.000000
4.460000 0.000000
4.470000 0.000000
4.480000 0.000000
4.490000 0.000000
4.500000 0.000000
4.510000 0.000000
4.520000 0.000000
4.530000 0.000000
4.540000 0.000000
4.550000 0.000000
4.560000 0.000000
4.570000 0.000000
4.580000 0.000000
4.590000 0.000000
4.600000 0.000000
4.610000 0.000000
4.620000 0.000000
4.630000 0.000000
4.640000 0.000000
4.650000 0.000000
4.660000 0.000000
4.670000 0.000000
4.680000 0.000000
4.690000 0.000000
4.700000 0.000000
4.710000 0.000000
4.720000 0.000000
4.730000 0.000000
4.740000 0.000000
4.750000 0.000000
4.760000 0.000000
4.770000 0.000000
4.780000 0.000000
4.790000 0.000000
4.800000 0.000000
4.810000 0.000000
4.820000 0.000000
4.830000 0.000000
4.840000 0.000000
4.850000 0.000000
4.860000 0.000000
4.870000 0.000000
4.880000 0.000000
4.890000 0.000000
4.900000 0.000000
4.910000 0.000000
4.920000 0.000000
4.930000 0.000000
4.940000 0.000000
4.950000 0.000000
4.960000 0.000000
4.970000 0.000000
4.980000 0.000000
4.990000 0.000000
5.000000 0.000000
5.010000 0.000000
5.020000 0.000000
5.030000 0.000000
5.040000 0.000000
5.050000 0.000000
5.060000 0.000000
5.070000 0.000000
5.080000 0.000000
5.090000 0.000000
5.100000 0.000000
5.110000 0.000000
5.120000 0.000000
5.130000 0.000000
5.140000 0.000000
5.150000 0.000000
5.160000 0.000000
5.170000 0.000000
5.180000 0.000000
5.190000 0.000000
5.200000 0.000000
5.210000 0.000000
5.220000 0.000000
5.230000 0.000000
5.240000 0.000000
5.250000 0.000000
5.260000 0.000000
5.270000 0.000000
5.280000 0.000000
5.290000 0.000000
5.300000 0.000000
5.310000 0.000000
5.320000 0.000000
5.330000 0.000000
5.340000 0.000000
5.350000 0.000000
5.360000 0.000000
5.370000 0.000000
5.380000 0.000000
5.390000 0.000000
5.400000 0.000000
5.410000 0.000000
5.420000 0.000000
5.430000 0.000000
5.440000 0.000000
5.450000 0.000000
5.460000 0.000000
5.470000 0.000000
5.480000 0.000000
5.490000 0.000000
5.500000 0.000000
5.510000 0.000000
5.520000 0.000000
5.530000 0.000000
5.540000 0.000000
5.550000 0.000000
5.560000 0.000000
5.570000 0.000000
5.580000 0.000000
5.590000 0.000000
5.600000 0.000000
5.610000 0.000000
5.620000 0.000000
5.630000 0.000000
5.640000 0.000000
5.650000 0.000000
5.660000 0.000000
5.670000 0.000000
5.680000 0.000000
5.690000 0.000000
5.700000 0.000000
5.710000 0.000000
5.720000 0.000000
5.730000 0.000000
5.740000 0.000000
5.750000 0.000000
5.760000 0.000000
5.770000 0.000000
5.780000 0.000000
5.790000 0.000000
5.800000 0.000000
5.810000 0.000000
5.820000 0.000000
5.830000 0.000000
5.840000 0.000000
5.850000 0.000000
5.860000 0.000000
5.870000 0.000000
5.880000 0.000000
5.890000 0.000000
5.900000 0.000000
5.910000 0.000000
5.920000 0.000000
5.930000 0.000000
5.940000 0.000000
5.950000 0.000000
5.960000 0.000000
5.970000 0.000000
5.980000 0.000000
5.990000 0.000000
6.000000 0.000000
6.010000 0.000000
6.020000 0.000000
6.030000 0.000000
6.040000 0.000000
6.050000 0.000000
6.060000 0.000000
6.070000 0.000000
6.080000 0.000000
6.090000 0.000000
6.100000 0.000000
6.110000 0.000000
6.120000 0.000000
6.130000 0.000000
6.140000 0.000000
6.150000 0.000000
6.160000 0.000000
6.170000 0.000000
6.180000 0.000000
6.190000 0.000000
6.200000 0.000000
6.210000 0.000000
6.220000 0.000000
6.230000 0.000000
6.240000 0.000000
6.250000 0.000000
6.260000 0.000000
6.270000 0.000000
6.280000 0.000000
6.290000 0.000000
6.300000 0.000000
6.310000 0.000000
6.320000 0.000000
6.330000 0.000000
6.340000 0.000000
6.350000 0.000000
6.360000 0.000000
6.370000 0.000001
6.380000 0.000001
6.390000 0.000001
6.400000 0.000001
6.410000 0.000002
6.420000 0.000002
6.430000 0.000003
6.440000 0.000004
6.450000 0.000005
6.460000 0.000006
6.470000 0.000008
6.480000 0.000010
6.490000 0.000013
6.500000 0.000016
6.510000 0.000021
6.520000 0.000026
6.530000 0.000033
6.540000 0.000041
6.550000 0.000052
6.560000 0.000064
6.570000 0.000080
6.580000 0.000099
6.590000 0.000122
6.600000 0.000151
6.610000 0.000185
6.620000 0.000227
6.630000 0.000277
6.640000 0.000338
6.650000 0.000411
6.660000 0.000497
6.670000 0.000601
6.680000 0.000724
6.690000 0.000870
6.700000 0.001043
6.710000 0.001246
6.720000 0.001485
6.730000 0.001766
6.740000 0.002094
6.750000 0.002476
6.760000 0.002921
6.770000 0.003437
6.780000 0.004034
6.790000 0.004722
6.800000 0.005513
6.810000 0.006422
6.820000 0.007461
6.830000 0.008647
6.840000 0.009997
6.850000 0.011529
6.860000 0.013264
6.870000 0.015222
6.880000 0.017428
6.890000 0.019906
6.900000 0.022682
6.910000 0.025784
6.920000 0.029241
6.930000 0.033083
6.940000 0.037343
6.950000 0.042053
6.960000 0.047248
6.970000 0.052962
6.980000 0.059230
6.990000 0.066089
7.000000 0.073575
7.010000 0.081723
7.020000 0.090567
7.030000 0.100144
7.040000 0.110485
7.050000 0.121622
7.060000 0.133584
7.070000 0.146397
7.080000 0.160085
7.090000 0.174667
7.100000 0.190160
7.110000 0.206575
7.120000 0.223917
7.130000 0.242189
7.140000 0.261384
7.150000 0.281491
7.160000 0.302492
7.170000 0.324362
7.180000 0.347068
7.190000 0.370572
7.200000 0.394822
7.210000 0.419767
7.220000 0.445341
7.230000 0.471474
7.240000 0.498086
7.250000 0.525093
7.260000 0.552400
7.270000 0.579907
7.280000 0.607511
7.290000 0.635096
7.300000 0.662550
7.310000 0.689749
7.320000 0.716572
7.330000 0.742890
7.340000 0.768579
7.350000 0.793508
7.360000 0.817551
7.370000 0.840581
7.380000 0.862477
7.390000 0.883116
7.400000 0.902387
7.410000 0.920180
7.420000 0.936393
7.430000 0.950933
7.440000 0.963714
7.450000 0.974661
7.460000 0.983709
7.470000 0.990804
7.480000 0.995903
7.490000 0.998974
7.500000 1.000000
7.510000 0.998974
7.520000 0.995903
7.530000 0.990804
7.540000 0.983709
7.550000 0.974661
7.560000 0.963714
7.570000 0.950933
7.580000 0.936393
7.590000 0.920180
7.600000 0.902387
7.610000 0.883116
7.620000 0.862477
7.630000 0.840581
7.640000 0.817551
7.650000 0.793508
7.660000 0.768579
7.670000 0.742890
7.680000 0.716572
7.690000 0.689749
7.700000 0.662550
7.710000 0.635096
7.720000 0.607511
7.730000 0.579907
7.740000 0.552400
7.750000 0.525093
7.760000 0.498086
7.770000 0.471474
7.780000 0.445341
7.790000 0.419767
7.800000 0.394822
7.810000 0.370572
7.820000 0.347068
7.830000 0.324362
7.840000 0.302492
7.850000 0.281491
7.860000 0.261384
7.870000 0.242189
7.880000 0.223917
7.890000 0.206575
7.900000 0.190160
7.910000 0.174667
7.920000 0.160085
7.930000 0.146397
7.940000 0.133584
7.950000 0.121622
7.960000 0.110485
7.970000 0.100144
7.980000 0.090567
7.990000 0.081723
8.000000 0.073575
8.010000 0.066089
8.020000 0.059230
8.030000 0.052962
8.040000 0.047248
8.050000 0.042053
8.060000 0.037343
8.070000 0.033083
8.080000 0.029241
8.090000 0.025784
8.100000 0.022682
8.110000 0.019906
8.120000 0.017428
8.130000 0.015222
8.140000 0.013263
8.150000 0.011529
8.160000 0.009997
8.170000 0.008647
8.180000 0.007461
8.190000 0.006422
8.200000 0.005513
8.210000 0.004722
8.220000 0.004033
8.230000 0.003437
8.240000 0.002921
8.250000 0.002476
8.260000 0.002094
8.270000 0.001766
8.280000 0.001485
8.290000 0.001246
8.300000 0.001043
8.310000 0.000870
8.320000 0.000724
8.330000 0.000601
8.340000 0.000497
8.350000 0.000411
8.360000 0.000338
8.370000 0.000277
8.380000 0.000227
8.390000 0.000185
8.400000 0.000151
8.410000 0.000122
8.420000 0.000099
8.430000 0.000080
8.440000 0.000064
8.450000 0.000052
8.460000 0.000041
8.470000 0.000033
8.480000 0.000026
8.490000 0.000021
8.500000 0.000016
8.510000 0.000013
8.520000 0.000010
8.530000 0.000008
8.540000 0.000006
8.550000 0.000005
8.560000 0.000004
8.570000 0.000003
8.580000 0.000002
8.590000 0.000002
8.600000 0.000001
8.610000 0.000001
8.620000 0.000001
8.630000 0.000001
8.640000 0.000000
8.650000 0.000000
8.660000 0.000000
8.670000 0.000000
8.680000 0.000000
8.690000 0.000000
8.700000 0.000000
8.710000 0.000000
8.720000 0.000000
8.730000 0.000000
8.740000 0.000000
8.750000 0.000000
8.760000 0.000000
8.770000 0.000000
8.780000 0.000000
8.790000 0.000000
8.800000 0.000000
8.810000 0.000000
8.820000 0.000000
8.830000 0.000000
8.840000 0.000000
8.850000 0.000000
8.860000 0.000000
8.870000 0.000000
8.880000 0.000000
8.890000 0.000000
8.900000 0.000000
8.910000 0.000000
8.920000 0.000000
8.930000 0.000000
8.940000 0.000000
8.950000 0.000000
8.960000 0.000000
8.970000 0.000000
8.980000 0.000000
8.990000 0.000000
9.000000 0.000000
9.010000 0.000000
9.020000 0.000000
9.030000 0.000000
9.040000 0.000000
9.050000 0.000000
9.060000 0.000000
9.070000 0.000000
9.080000 0.000000
9.090000 0.000000
9.100000 0.000000
9.110000 0.000000
9.120000 0.000000
9.130000 0.000000
9.140000 0.000000
9.150000 0.000000
9.160000 0.000000
9.170000 0.000000
9.180000 0.000000
9.190000 0.000000
9.200000 0.000000
9.210000 0.000000
9.220000 0.000000
9.230000 0.000000
9.240000 0.000000
9.250000 0.000000
9.260000 0.000000
9.270000 0.000000
9.280000 0.000000
9.290000 0.000000
9.300000 0.000000
9.310000 0.000000
9.320000 0.000000
9.330000 0.000000
9.340000 0.000000
9.350000 0.000000
9.360000 0.000000
9.370000 0.000000
9.380000 0.000000
9.390000 0.000000
9.400000 0.000000
9.410000 0.000000
9.420000 0.000000
9.430000 0.000000
9.440000 0.000000
9.450000 0.000000
9.460000 0.000000
9.470000 0.000000
9.480000 0.000000
9.490000 0.000000
9.500000 0.000000
9.510000 0.000000
9.520000 0.000000
9.530000 0.000000
9.540000 0.000000
9.550000 0.000000
9.560000 0.000000
9.570000 0.000000
9.580000 0.000000
9.590000 0.000000
9.600000 0.000000
9.610000 0.000000
9.620000 0.000000
9.630000 0.000000
9.640000 0.000000
9.650000 0.000000
9.660000 0.000000
9.670000 0.000000
9.680000 0.000000
9.690000 0.000000
9.700000 0.000000
9.710000 0.000000
9.720000 0.000000
9.730000 0.000000
9.740000 0.000000
9.750000 0.000000
9.760000 0.000000
9.770000 0.000000
9.780000 0.000000
9.790000 0.000000
9.800000 0.000000
9.810000 0.000000
9.820000 0.000000
9.830000 0.000000
9.840000 0.000000
9.850000 0.000000
9.860000 0.000000
9.870000 0.000000
9.880000 0.000000
9.890000 0.000000
9.900000 0.000000
9.910000 0.000000
9.920000 0.000000
9.930000 0.000000
9.940000 0.000000
9.950000 0.000000
9.960000 0.000000
9.970000 0.000000
9.980000 0.000000
9.990000 0.000000
10.000000 0.000000
