0.000000 0.000000
0.010000 0.000000
0.020000 0.000000
0.030000 0.000000
0.040000 0.000000
0.050000 0.000000
0.060000 0.000000
0.070000 0.000000
0.080000 0.000000
0.090000 0.000000
0.100000 0.000000
0.110000 0.000000
0.120000 0.000000
0.130000 0.000000
0.140000 0.000000
0.150000 0.000000
0.160000 0.000000
0.170000 0.000000
0.180000 0.000000
0.190000 0.000000
0.200000 0.000000
0.210000 0.000000
0.220000 0.000000
0.230000 0.000000
0.240000 0.000000
0.250000 0.000000
0.260000 0.000000
0.270000 0.000000
0.280000 0.000000
0.290000 0.000000
0.300000 0.000000
0.310000 0.000000
0.320000 0.000000
0.330000 0.000000
0.340000 0.000000
0.350000 0.000000
0.360000 0.000000
0.370000 0.000000
0.380000 0.000000
0.390000 0.000000
0.400000 0.000000
0.410000 0.000000
0.420000 0.000000
0.430000 0.000000
0.440000 0.000000
0.450000 0.000000
0.460000 0.000000
0.470000 0.000000
0.480000 0.000000
0.490000 0.000000
0.500000 0.000000
0.510000 0.000000
0.520000 0.000000
0.530000 0.000000
0.540000 0.000000
0.550000 0.000000
0.560000 0.000000
0.570000 0.000000
0.580000 0.000000
0.590000 0.000000
0.600000 0.000000
0.610000 0.000000
0.620000 0.000000
0.630000 0.000000
0.640000 0.000000
0.650000 0.000000
0.660000 0.000000
0.670000 0.000000
0.680000 0.000000
0.690000 0.000000
0.700000 0.000000
0.710000 0.000000
0.720000 0.000000
0.730000 0.000000
0.740000 0.000001
0.750000 0.000001
0.760000 0.000001
0.770000 0.000001
0.780000 0.000001
0.790000 0.000002
0.800000 0.000002
0.810000 0.000002
0.820000 0.000003
0.830000 0.000004
0.840000 0.000004
0.850000 0.000005
0.860000 0.000006
0.870000 0.000008
0.880000 0.000009
0.890000 0.000011
0.900000 0.000013
0.910000 0.000016
0.920000 0.000019
0.930000 0.000022
0.940000 0.000027
0.950000 0.000031
0.960000 0.000037
0.970000 0.000044
0.980000 0.000051
0.990000 0.000060
1.000000 0.000070
1.010000 0.000082
1.020000 0.000095
1.030000 0.000111
1.040000 0.000129
1.050000 0.000149
1.060000 0.000172
1.070000 0.000199
1.080000 0.000229
1.090000 0.000263
1.100000 0.000302
1.110000 0.000346
1.120000 0.000395
1.130000 0.000451
1.140000 0.000514
1.150000 0.000585
1.160000 0.000665
1.170000 0.000754
1.180000 0.000854
1.190000 0.000965
1.200000 0.001090
1.210000 0.001228
1.220000 0.001382
1.230000 0.001553
1.240000 0.001743
1.250000 0.001953
1.260000 0.002185
1.270000 0.002442
1.280000 0.002725
1.290000 0.003036
1.300000 0.003379
1.310000 0.003755
1.320000 0.004167
1.330000 0.004619
1.340000 0.005113
1.350000 0.005653
1.360000 0.006242
1.370000 0.006883
1.380000 0.007581
1.390000 0.008340
1.400000 0.009163
1.410000 0.010056
1.420000 0.011022
1.430000 0.012068
1.440000 0.013197
1.450000 0.014415
1.460000 0.015728
1.470000 0.017141
1.480000 0.018660
1.490000 0.020292
1.500000 0.022041
1.510000 0.023916
1.520000 0.025922
1.530000 0.028067
1.540000 0.030357
1.550000 0.032799
1.560000 0.035401
1.570000 0.038170
1.580000 0.041114
1.590000 0.044240
1.600000 0.047556
1.610000 0.051069
1.620000 0.054787
1.630000 0.058719
1.640000 0.062872
1.650000 0.067253
1.660000 0.071871
1.670000 0.076733
1.680000 0.081846
1.690000 0.087218
1.700000 0.092856
1.710000 0.098767
1.720000 0.104958
1.730000 0.111435
1.740000 0.118205
1.750000 0.125273
1.760000 0.132644
1.770000 0.140325
1.780000 0.148319
1.790000 0.156631
1.800000 0.165265
1.810000 0.174223
1.820000 0.183508
1.830000 0.193123
1.840000 0.203067
1.850000 0.213343
1.860000 0.223950
1.870000 0.234887
1.880000 0.246152
1.890000 0.257744
1.900000 0.269658
1.910000 0.281892
1.920000 0.294440
1.930000 0.307296
1.940000 0.320453
1.950000 0.333905
1.960000 0.347642
1.970000 0.361655
1.980000 0.375934
1.990000 0.390467
2.000000 0.405241
2.010000 0.420245
2.020000 0.435464
2.030000 0.450881
2.040000 0.466483
2.050000 0.482251
2.060000 0.498168
2.070000 0.514216
2.080000 0.530374
2.090000 0.546624
2.100000 0.562943
2.110000 0.579310
2.120000 0.595704
2.130000 0.612100
2.140000 0.628476
2.150000 0.644808
2.160000 0.661070
2.170000 0.677238
2.180000 0.693287
2.190000 0.709191
2.200000 0.724925
2.210000 0.740462
2.220000 0.755777
2.230000 0.770844
2.240000 0.785635
2.250000 0.800127
2.260000 0.814292
2.270000 0.828106
2.280000 0.841543
2.290000 0.854579
2.300000 0.867189
2.310000 0.879351
2.320000 0.891041
2.330000 0.902236
2.340000 0.912915
2.350000 0.923059
2.360000 0.932646
2.370000 0.941657
2.380000 0.950077
2.390000 0.957886
2.400000 0.965071
2.410000 0.971616
2.420000 0.977508
2.430000 0.982735
2.440000 0.987287
2.450000 0.991155
2.460000 0.994331
2.470000 0.996807
2.480000 0.998580
2.490000 0.999645
2.500000 1.000000
2.510000 0.999645
2.520000 0.998580
2.530000 0.996807
2.540000 0.994331
2.550000 0.991155
2.560000 0.987287
2.570000 0.982735
2.580000 0.977508
2.590000 0.971616
2.600000 0.965071
2.610000 0.957886
2.620000 0.950077
2.630000 0.941657
2.640000 0.932646
2.650000 0.923059
2.660000 0.912915
2.670000 0.902236
2.680000 0.891041
2.690000 0.879351
2.700000 0.867189
2.710000 0.854579
2.720000 0.841543
2.730000 0.828106
2.740000 0.814292
2.750000 0.800127
2.760000 0.785635
2.770000 0.770844
2.780000 0.755777
2.790000 0.740462
2.800000 0.724925
2.810000 0.709191
2.820000 0.693287
2.830000 0.677238
2.840000 0.661070
2.850000 0.644808
2.860000 0.628476
2.870000 0.612100
2.880000 0.595704
2.890000 0.579310
2.900000 0.562943
2.910000 0.546624
2.920000 0.530374
2.930000 0.514216
2.940000 0.498168
2.950000 0.482251
2.960000 0.466483
2.970000 0.450881
2.980000 0.435464
2.990000 0.420245
3.000000 0.405241
3.010000 0.390467
3.020000 0.375934
3.030000 0.361655
3.040000 0.347642
3.050000 0.333905
3.060000 0.320453
3.070000 0.307296
3.080000 0.294440
3.090000 0.281892
3.100000 0.269659
3.110000 0.257744
3.120000 0.246152
3.130000 0.234887
3.140000 0.223950
3.150000 0.213343
3.160000 0.203067
3.170000 0.193122
3.180000 0.183508
3.190000 0.174223
3.200000 0.165265
3.210000 0.156631
3.220000 0.148319
3.230000 0.140325
3.240000 0.132644
3.250000 0.125273
3.260000 0.118205
3.270000 0.111435
3.280000 0.104958
3.290000 0.098767
3.300000 0.092856
3.310000 0.087218
3.320000 0.081846
3.330000 0.076733
3.340000 0.071871
3.350000 0.067253
3.360000 0.062872
3.370000 0.058719
3.380000 0.054787
3.390000 0.051069
3.400000 0.047555
3.410000 0.044240
3.420000 0.041114
3.430000 0.038170
3.440000 0.035401
3.450000 0.032799
3.460000 0.030357
3.470000 0.028067
3.480000 0.025922
3.490000 0.023916
3.500000 0.022041
3.510000 0.020292
3.520000 0.018660
3.530000 0.017141
3.540000 0.015728
3.550000 0.014415
3.560000 0.013197
3.570000 0.012068
3.580000 0.011022
3.590000 0.010056
3.600000 0.009163
3.610000 0.008340
3.620000 0.007581
3.630000 0.006883
3.640000 0.006242
3.650000 0.005653
3.660000 0.005113
3.670000 0.004619
3.680000 0.004167
3.690000 0.003755
3.700000 0.003379
3.710000 0.003036
3.720000 0.002725
3.730000 0.002442
3.740000 0.002185
3.750000 0.001953
3.760000 0.001743
3.770000 0.001553
3.780000 0.001382
3.790000 0.001228
3.800000 0.001090
3.810000 0.000965
3.820000 0.000854
3.830000 0.000754
3.840000 0.000665
3.850000 0.000585
3.860000 0.000514
3.870000 0.000451
3.880000 0.000395
3.890000 0.000346
3.900000 0.000302
3.910000 0.000263
3.920000 0.000229
3.930000 0.000199
3.940000 0.000172
3.950000 0.000149
3.960000 0.000129
3.970000 0.000111
3.980000 0.000095
3.990000 0.000082
4.000000 0.000070
4.010000 0.000060
4.020000 0.000051
4.030000 0.000044
4.040000 0.000037
4.050000 0.000031
4.060000 0.000027
4.070000 0.000022
4.080000 0.000019
4.090000 0.000016
4.100000 0.000013
4.110000 0.000011
4.120000 0.000009
4.130000 0.000008
4.140000 0.000006
4.150000 0.000005
4.160000 0.000004
4.170000 0.000004
4.180000 0.000003
4.190000 0.000002
4.200000 0.000002
4.210000 0.000002
4.220000 0.000001
4.230000 0.000001
4.240000 0.000001
4.250000 0.000001
4.260000 0.000001
4.270000 0.000000
4.280000 0.000000
4.290000 0.000000
4.300000 0.000000
4.310000 0.000000
4.320000 0.000000
4.330000 0.000000
4.340000 0.000000
4.350000 0.000000
4.360000 0.000000
4.370000 0.000000
4.380000 0.000000
4.390000 0.000000
4.400000 0.000000
4.410000 0.000000
4.420000 0.000000
4.430000 0.000000
4.440000 0.000000
4.450000 0.000000
4.460000 0.000000
4.470000 0.000000
4.480000 0.000000
4.490000 0.000000
4.500000 0.000000
4.510000 0.000000
4.520000 0.000000
4.530000 0.000000
4.540000 0.000000
4.550000 0.000000
4.560000 0.000000
4.570000 0.000000
4.580000 0.000000
4.590000 0.000000
4.600000 0.000000
4.610000 0.000000
4.620000 0.000000
4.630000 0.000000
4.640000 0.000000
4.650000 0.000000
4.660000 0.000000
4.670000 0.000000
4.680000 0.000000
4.690000 0.000000
4.700000 0.000000
4.710000 0.000000
4.720000 0.000000
4.730000 0.000000
4.740000 0.000000
4.750000 0.000000
4.760000 0.000000
4.770000 0.000000
4.780000 0.000000
4.790000 0.000000
4.800000 0.000000
4.810000 0.000000
4.820000 0.000000
4.830000 0.000000
4.840000 0.000000
4.850000 0.000000
4.860000 0.000000
4.870000 0.000000
4.880000 0.000000
4.890000 0.000000
4.900000 0.000000
4.910000 0.000000
4.920000 0.000000
4.930000 0.000000
4.940000 0.000000
4.950000 0.000000
4.960000 0.000000
4.970000 0.000000
4.980000 0.000000
4.990000 0.000000
5.000000 0.000000
5.010000 0.000000
5.020000 0.000000
5.030000 0.000000
5.040000 0.000000
5.050000 0.000000
5.060000 0.000000
5.070000 0.000000
5.080000 0.000000
5.090000 0.000000
5.100000 0.000000
5.110000 0.000000
5.120000 0.000000
5.130000 0.000000
5.140000 0.000000
5.150000 0.000000
5.160000 0.000000
5.170000 0.000000
5.180000 0.000000
5.190000 0.000000
5.200000 0.000000
5.210000 0.000000
5.220000 0.000000
5.230000 0.000000
5.240000 0.000000
5.250000 0.000000
5.260000 0.000000
5.270000 0.000000
5.280000 0.000000
5.290000 0.000000
5.300000 0.000000
5.310000 0.000000
5.320000 0.000000
5.330000 0.000000
5.340000 0.000000
5.350000 0.000000
5.360000 0.000000
5.370000 0.000000
5.380000 0.000000
5.390000 0.000000
5.400000 0.000000
5.410000 0.000000
5.420000 0.000000
5.430000 0.000000
5.440000 0.000000
5.450000 0.000000
5.460000 0.000000
5.470000 0.000000
5.480000 0.000000
5.490000 0.000000
5.500000 0.000000
5.510000 0.000000
5.520000 0.000000
5.530000 0.000000
5.540000 0.000000
5.550000 0.000000
5.560000 0.000000
5.570000 0.000000
5.580000 0.000000
5.590000 0.000000
5.600000 0.000000
5.610000 0.000000
5.620000 0.000000
5.630000 0.000000
5.640000 0.000000
5.650000 0.000000
5.660000 0.000000
5.670000 0.000000
5.680000 0.000000
5.690000 0.000000
5.700000 0.000000
5.710000 0.000000
5.720000 0.000000
5.730000 0.000000
5.740000 0.000001
5.750000 0.000001
5.760000 0.000001
5.770000 0.000001
5.780000 0.000001
5.790000 0.000002
5.800000 0.000002
5.810000 0.000002
5.820000 0.000003
5.830000 0.000004
5.840000 0.000004
5.850000 0.000005
5.860000 0.000006
5.870000 0.000008
5.880000 0.000009
5.890000 0.000011
5.900000 0.000013
5.910000 0.000016
5.920000 0.000019
5.930000 0.000022
5.940000 0.000027
5.950000 0.000031
5.960000 0.000037
5.970000 0.000044
5.980000 0.000051
5.990000 0.000060
6.000000 0.000070
6.010000 0.000082
6.020000 0.000095
6.030000 0.000111
6.040000 0.000129
6.050000 0.000149
6.060000 0.000172
6.070000 0.000199
6.080000 0.000229
6.090000 0.000263
6.100000 0.000302
6.110000 0.000346
6.120000 0.000395
6.130000 0.000451
6.140000 0.000514
6.150000 0.000585
6.160000 0.000665
6.170000 0.000754
6.180000 0.000854
6.190000 0.000965
6.200000 0.001090
6.210000 0.001228
6.220000 0.001382
6.230000 0.001553
6.240000 0.001743
6.250000 0.001953
6.260000 0.002185
6.270000 0.002442
6.280000 0.002725
6.290000 0.003036
6.300000 0.003379
6.310000 0.003755
6.320000 0.004167
6.330000 0.004619
6.340000 0.005113
6.350000 0.005653
6.360000 0.006242
6.370000 0.006883
6.380000 0.007581
6.390000 0.008340
6.400000 0.009163
6.410000 0.010056
6.420000 0.011022
6.430000 0.012068
6.440000 0.013197
6.450000 0.014415
6.460000 0.015728
6.470000 0.017141
6.480000 0.018660
6.490000 0.020292
6.500000 0.022041
6.510000 0.023916
6.520000 0.025922
6.530000 0.028067
6.540000 0.030357
6.550000 0.032799
6.560000 0.035401
6.570000 0.038170
6.580000 0.041114
6.590000 0.044240
6.600000 0.047555
6.610000 0.051069
6.620000 0.054787
6.630000 0.058719
6.640000 0.062872
6.650000 0.067253
6.660000 0.071871
6.670000 0.076733
6.680000 0.081846
6.690000 0.087218
6.700000 0.092856
6.710000 0.098767
6.720000 0.104958
6.730000 0.111435
6.740000 0.118204
6.750000 0.125273
6.760000 0.132644
6.770000 0.140325
6.780000 0.148319
6.790000 0.156631
6.800000 0.165265
6.810000 0.174223
6.820000 0.183508
6.830000 0.193122
6.840000 0.203067
6.850000 0.213343
6.860000 0.223950
6.870000 0.234887
6.880000 0.246152
6.890000 0.257744
6.900000 0.269659
6.910000 0.281892
6.920000 0.294440
6.930000 0.307295
6.940000 0.320453
6.950000 0.333905
6.960000 0.347642
6.970000 0.361655
6.980000 0.375934
6.990000 0.390466
7.000000 0.405241
7.010000 0.420246
7.020000 0.435464
7.030000 0.450882
7.040000 0.466483
7.050000 0.482251
7.060000 0.498168
7.070000 0.514216
7.080000 0.530374
7.090000 0.546624
7.100000 0.562943
7.110000 0.579311
7.120000 0.595704
7.130000 0.612100
7.140000 0.628476
7.150000 0.644808
7.160000 0.661069
7.170000 0.677238
7.180000 0.693287
7.190000 0.709191
7.200000 0.724925
7.210000 0.740462
7.220000 0.755777
7.230000 0.770844
7.240000 0.785635
7.250000 0.800127
7.260000 0.814292
7.270000 0.828106
7.280000 0.841543
7.290000 0.854579
7.300000 0.867190
7.310000 0.879351
7.320000 0.891041
7.330000 0.902236
7.340000 0.912916
7.350000 0.923059
7.360000 0.932646
7.370000 0.941657
7.380000 0.950077
7.390000 0.957886
7.400000 0.965071
7.410000 0.971615
7.420000 0.977508
7.430000 0.982735
7.440000 0.987287
7.450000 0.991155
7.460000 0.994331
7.470000 0.996807
7.480000 0.998580
7.490000 0.999645
7.500000 1.000000
7.510000 0.999645
7.520000 0.998580
7.530000 0.996807
7.540000 0.994331
7.550000 0.991155
7.560000 0.987287
7.570000 0.982735
7.580000 0.977508
7.590000 0.971615
7.600000 0.965071
7.610000 0.957886
7.620000 0.950077
7.630000 0.941657
7.640000 0.932646
7.650000 0.923059
7.660000 0.912916
7.670000 0.902236
7.680000 0.891041
7.690000 0.879351
7.700000 0.867190
7.710000 0.854579
7.720000 0.841543
7.730000 0.828106
7.740000 0.814292
7.750000 0.800127
7.760000 0.785635
7.770000 0.770844
7.780000 0.755777
7.790000 0.740462
7.800000 0.724925
7.810000 0.709191
7.820000 0.693287
7.830000 0.677238
7.840000 0.661069
7.850000 0.644808
7.860000 0.628476
7.870000 0.612100
7.880000 0.595704
7.890000 0.579311
7.900000 0.562943
7.910000 0.546624
7.920000 0.530374
7.930000 0.514216
7.940000 0.498168
7.950000 0.482251
7.960000 0.466483
7.970000 0.450882
7.980000 0.435464
7.990000 0.420246
8.000000 0.405241
8.010000 0.390466
8.020000 0.375933
8.030000 0.361655
8.040000 0.347642
8.050000 0.333905
8.060000 0.320453
8.070000 0.307296
8.080000 0.294440
8.090000 0.281892
8.100000 0.269658
8.110000 0.257744
8.120000 0.246152
8.130000 0.234887
8.140000 0.223949
8.150000 0.213343
8.160000 0.203067
8.170000 0.193122
8.180000 0.183508
8.190000 0.174223
8.200000 0.165265
8.210000 0.156631
8.220000 0.148319
8.230000 0.140325
8.240000 0.132644
8.250000 0.125273
8.260000 0.118204
8.270000 0.111435
8.280000 0.104958
8.290000 0.098767
8.300000 0.092856
8.310000 0.087218
8.320000 0.081846
8.330000 0.076733
8.340000 0.071871
8.350000 0.067253
8.360000 0.062872
8.370000 0.058719
8.380000 0.054787
8.390000 0.051069
8.400000 0.047556
8.410000 0.044240
8.420000 0.041114
8.430000 0.038170
8.440000 0.035401
8.450000 0.032799
8.460000 0.030357
8.470000 0.028067
8.480000 0.025922
8.490000 0.023916
8.500000 0.022041
8.510000 0.020292
8.520000 0.018660
8.530000 0.017141
8.540000 0.015728
8.550000 0.014415
8.560000 0.013197
8.570000 0.012068
8.580000 0.011022
8.590000 0.010056
8.600000 0.009163
8.610000 0.008340
8.620000 0.007581
8.630000 0.006883
8.640000 0.006241
8.650000 0.005653
8.660000 0.005113
8.670000 0.004619
8.680000 0.004167
8.690000 0.003755
8.700000 0.003379
8.710000 0.003036
8.720000 0.002725
8.730000 0.002442
8.740000 0.002185
8.750000 0.001953
8.760000 0.001743
8.770000 0.001553
8.780000 0.001382
8.790000 0.001228
8.800000 0.001090
8.810000 0.000965
8.820000 0.000854
8.830000 0.000754
8.840000 0.000665
8.850000 0.000585
8.860000 0.000514
8.870000 0.000451
8.880000 0.000395
8.890000 0.000346
8.900000 0.000302
8.910000 0.000263
8.920000 0.000229
8.930000 0.000199
8.940000 0.000172
8.950000 0.000149
8.960000 0.000129
8.970000 0.000111
8.980000 0.000095
8.990000 0.000082
9.000000 0.000070
9.010000 0.000060
9.020000 0.000051
9.030000 0.000044
9.040000 0.000037
9.050000 0.000031
9.060000 0.000027
9.070000 0.000022
9.080000 0.000019
9.090000 0.000016
9.100000 0.000013
9.110000 0.000011
9.120000 0.000009
9.130000 0.000008
9.140000 0.000006
9.150000 0.000005
9.160000 0.000004
9.170000 0.000004
9.180000 0.000003
9.190000 0.000002
9.200000 0.000002
9.210000 0.000002
9.220000 0.000001
9.230000 0.000001
9.240000 0.000001
9.250000 0.000001
9.260000 0.000001
9.270000 0.000000
9.280000 0.000000
9.290000 0.000000
9.300000 0.000000
9.310000 0.000000
9.320000 0.000000
9.330000 0.000000
9.340000 0.000000
9.350000 0.000000
9.360000 0.000000
9.370000 0.000000
9.380000 0.000000
9.390000 0.000000
9.400000 0.000000
9.410000 0.000000
9.420000 0.000000
9.430000 0.000000
9.440000 0.000000
9.450000 0.000000
9.460000 0.000000
9.470000 0.000000
9.480000 0.000000
9.490000 0.000000
9.500000 0.000000
9.510000 0.000000
9.520000 0.000000
9.530000 0.000000
9.540000 0.000000
9.550000 0.000000
9.560000 0.000000
9.570000 0.000000
9.580000 0.000000
9.590000 0.000000
9.600000 0.000000
9.610000 0.000000
9.620000 0.000000
9.630000 0.000000
9.640000 0.000000
9.650000 0.000000
9.660000 0.000000
9.670000 0.000000
9.680000 0.000000
9.690000 0.000000
9.700000 0.000000
9.710000 0.000000
9.720000 0.000000
9.730000 0.000000
9.740000 0.000000
9.750000 0.000000
9.760000 0.000000
9.770000 0.000000
9.780000 0.000000
9.790000 0.000000
9.800000 0.000000
9.810000 0.000000
9.820000 0.000000
9.830000 0.000000
9.840000 0.000000
9.850000 0.000000
9.860000 0.000000
9.870000 0.000000
9.880000 0.000000
9.890000 0.000000
9.900000 0.000000
9.910000 0.000000
9.920000 0.000000
9.930000 0.000000
9.940000 0.000000
9.950000 0.000000
9.960000 0.000000
9.970000 0.000000
9.980000 0.000000
9.990000 0.000000
10.000000 0.000000
